# SYSID BEGIN dir=0 duty=0.700 samples=1000 dt=0.001 vbat=7.84
# enc[0]	enc[1]	gyro.z	accel.y	angular_accel	u.tra	u.rot	vbat
0.0000	0.0000	-0.001000	-50.3000	-1.0600	0.700	0.000	7.84
0.0000	0.0000	-0.002100	-50.3000	-1.0600	0.700	0.000	7.84
0.0000	0.0000	-0.003100	-82.6200	-1.0600	0.700	0.000	7.84
0.0000	0.0000	-0.004200	-82.6200	-1.0600	0.700	0.000	7.84
0.0000	0.1000	-0.008500	-82.6200	-4.2600	0.700	0.000	7.84
0.0000	0.2600	-0.008500	-82.6200	0.0000	0.700	0.000	7.84
0.0200	0.4400	-0.019100	-82.6200	-10.6400	0.700	0.000	7.84
0.1000	0.6000	-0.034000	-82.6200	-14.9000	0.700	0.000	7.84
0.2400	0.7000	-0.020200	-82.6200	13.8300	0.700	0.000	7.84
0.4000	0.7600	0.053300	-82.6200	73.4300	0.700	0.000	7.84
0.5800	0.8200	0.159700	-82.6200	106.4200	0.700	0.000	7.84
0.7400	0.9000	0.159700	-82.6200	0.0000	0.700	0.000	7.84
0.9000	1.0000	0.228900	5771.8000	69.1700	0.700	0.000	7.84
1.0600	1.1200	0.231000	5771.8000	2.1300	0.700	0.000	7.84
1.2000	1.2600	0.187400	5771.8000	-43.6300	0.700	0.000	7.84
1.3600	1.4200	0.134100	5771.8000	-53.2100	0.700	0.000	7.84
1.5000	1.5600	0.103300	5771.8000	-30.8600	0.700	0.000	7.84
1.6400	1.7100	0.103300	5771.8000	0.0000	0.700	0.000	7.84
1.7900	1.8700	0.070300	5771.8000	-32.9900	0.700	0.000	7.84
1.9500	2.0500	0.010700	5771.8000	-59.6000	0.700	0.000	7.84
2.1300	2.2300	-0.051000	5771.8000	-61.7300	0.700	0.000	7.84
2.3100	2.4300	-0.084000	8832.7900	-32.9900	0.700	0.000	7.84
2.4900	2.6300	-0.092500	8832.7900	-8.5100	0.700	0.000	7.84
2.6700	2.8500	-0.092500	8832.7900	0.0000	0.700	0.000	7.84
2.8500	3.0900	-0.106400	8832.7900	-13.8300	0.700	0.000	7.84
3.0700	3.3100	-0.139400	8832.7900	-32.9900	0.700	0.000	7.84
3.2700	3.5500	-0.179800	8832.7900	-40.4400	0.700	0.000	7.84
3.4900	3.7900	-0.196800	8832.7900	-17.0300	0.700	0.000	7.84
3.7500	4.0500	-0.196800	8832.7900	0.0000	0.700	0.000	7.84
3.9900	4.3300	-0.190400	8832.7900	6.3900	0.700	0.000	7.84
4.2300	4.6500	-0.203200	8832.7900	-12.7700	0.700	0.000	7.84
4.4900	4.9900	-0.239400	5414.4700	-36.1800	0.700	0.000	7.84
4.7300	5.3200	-0.250000	5414.4700	-10.6400	0.700	0.000	7.84
4.9700	5.6200	-0.228800	5414.4700	21.2800	0.700	0.000	7.84
5.2200	5.9400	-0.228800	5414.4700	0.0000	0.700	0.000	7.84
5.4600	6.2800	-0.211700	5414.4700	17.0300	0.700	0.000	7.84
5.7000	6.6600	-0.227700	5414.4700	-15.9600	0.700	0.000	7.84
5.9600	7.0400	-0.263900	5414.4700	-36.1800	0.700	0.000	7.84
6.2200	7.4200	-0.283000	5414.4700	-19.1600	0.700	0.000	7.84
6.5200	7.8000	-0.260700	5414.4700	22.3500	0.700	0.000	7.84
6.8200	8.2000	-0.260700	5414.4700	0.0000	0.700	0.000	7.84
7.1200	8.5900	-0.188300	5465.9400	72.3700	0.700	0.000	7.84
7.4200	9.0300	-0.122300	5465.9400	65.9800	0.700	0.000	7.84
7.7200	9.4500	-0.127700	5465.9400	-5.3200	0.700	0.000	7.84
8.0600	9.8700	-0.171300	5465.9400	-43.6300	0.700	0.000	7.84
8.3800	10.2900	-0.172300	5465.9400	-1.0600	0.700	0.000	7.84
8.7100	10.7500	-0.172300	5465.9400	0.0000	0.700	0.000	7.84
9.0300	11.2100	-0.101000	5465.9400	71.3000	0.700	0.000	7.84
9.3900	11.6300	-0.042500	5465.9400	58.5300	0.700	0.000	7.84
9.7300	12.0400	-0.063800	5465.9400	-21.2800	0.700	0.000	7.84
10.0900	12.4800	-0.125500	6056.7100	-61.7300	0.700	0.000	7.84
10.4500	12.9600	-0.164900	6056.7100	-39.3800	0.700	0.000	7.84
10.8100	13.4400	-0.164900	6056.7100	0.0000	0.700	0.000	7.84
11.2100	13.9000	-0.160600	6056.7100	4.2600	0.700	0.000	7.84
11.5900	14.3400	-0.135100	6056.7100	25.5400	0.700	0.000	7.84
12.0000	14.8200	-0.122300	6056.7100	12.7700	0.700	0.000	7.84
12.4000	15.3200	-0.110600	6056.7100	11.7100	0.700	0.000	7.84
12.8000	15.8300	-0.063800	6056.7100	46.8300	0.700	0.000	7.84
13.2000	16.3300	-0.063800	6056.7100	0.0000	0.700	0.000	7.84
13.6400	16.9100	-0.012700	6056.7100	51.0800	0.700	0.000	7.84
14.1000	17.5100	-0.023400	5703.5700	-10.6400	0.700	0.000	7.84
14.5600	18.0900	-0.080800	5703.5700	-57.4700	0.700	0.000	7.84
15.0000	18.5900	-0.128700	5703.5700	-47.8900	0.700	0.000	7.84
15.4100	19.1000	-0.144700	5703.5700	-15.9600	0.700	0.000	7.84
15.8500	19.6600	-0.144700	5703.5700	0.0000	0.700	0.000	7.84
16.3500	20.2400	-0.136200	5703.5700	8.5100	0.700	0.000	7.84
16.8500	20.8000	-0.114900	5703.5700	21.2800	0.700	0.000	7.84
17.3300	21.3600	-0.078700	5703.5700	36.1800	0.700	0.000	7.84
17.8100	22.0000	-0.100000	5703.5700	-21.2800	0.700	0.000	7.84
18.3300	22.5900	-0.100000	5703.5700	0.0000	0.700	0.000	7.84
18.8300	23.1500	-0.204300	5021.2200	-104.2900	0.700	0.000	7.84
19.3200	23.7300	-0.316000	5021.2200	-111.7400	0.700	0.000	7.84
19.8400	24.3300	-0.345800	5021.2200	-29.8000	0.700	0.000	7.84
20.3600	24.8900	-0.273400	5021.2200	72.3700	0.700	0.000	7.84
20.8800	25.4500	-0.168100	5021.2200	105.3600	0.700	0.000	7.84
21.4200	26.0400	-0.168100	5021.2200	0.0000	0.700	0.000	7.84
21.9600	26.6600	-0.108500	5021.2200	59.6000	0.700	0.000	7.84
22.5100	27.2200	-0.121300	5021.2200	-12.7700	0.700	0.000	7.84
23.0900	27.8000	-0.089300	5021.2200	31.9300	0.700	0.000	7.84
23.6500	28.4000	0.009600	6403.8700	98.9700	0.700	0.000	7.84
24.1900	29.0000	0.025600	6403.8700	15.9600	0.700	0.000	7.84
24.7300	29.5300	0.025600	6403.8700	0.0000	0.700	0.000	7.84
25.3100	30.0900	-0.041400	6403.8700	-67.0500	0.700	0.000	7.84
25.9200	30.6500	-0.083000	6403.8700	-41.5000	0.700	0.000	7.84
26.5600	31.2300	-0.098900	6403.8700	-15.9600	0.700	0.000	7.84
27.2400	31.8100	-0.106400	6403.8700	-7.4500	0.700	0.000	7.84
27.9400	32.4300	-0.089300	6403.8700	17.0300	0.700	0.000	7.84
28.6600	33.0800	-0.089300	6403.8700	0.0000	0.700	0.000	7.84
29.3900	33.7400	-0.063800	6403.8700	25.5400	0.700	0.000	7.84
30.1700	34.4400	-0.038300	6291.3500	25.5400	0.700	0.000	7.84
30.9300	35.1200	0.001100	6291.3500	39.3800	0.700	0.000	7.84
31.7300	35.7200	0.035200	6291.3500	34.0600	0.700	0.000	7.84
32.5200	36.3500	0.079900	6291.3500	44.7000	0.700	0.000	7.84
33.2800	36.9700	0.079900	6291.3500	0.0000	0.700	0.000	7.84
34.0600	37.5700	0.144800	6291.3500	64.9200	0.700	0.000	7.84
34.8000	38.2100	0.182000	6291.3500	37.2500	0.700	0.000	7.84
35.5200	38.8500	0.145900	6291.3500	-36.1800	0.700	0.000	7.84
36.2300	39.5400	0.042600	6291.3500	-103.2300	0.700	0.000	7.84
36.9300	40.2400	-0.042500	4839.2600	-85.1400	0.700	0.000	7.84
37.6100	40.9000	-0.042500	4839.2600	0.0000	0.700	0.000	7.84
38.3100	41.5400	-0.083000	4839.2600	-40.4400	0.700	0.000	7.84
39.0300	42.2200	-0.061700	4839.2600	21.2800	0.700	0.000	7.84
39.8000	42.8500	0.015000	4839.2600	76.6200	0.700	0.000	7.84
40.5600	43.4700	0.044800	4839.2600	29.8000	0.700	0.000	7.84
41.2800	44.0700	0.032000	4839.2600	-12.7700	0.700	0.000	7.84
42.0000	44.6900	0.032000	4839.2600	0.0000	0.700	0.000	7.84
42.7200	45.3500	0.009600	4839.2600	-22.3500	0.700	0.000	7.84
43.4500	46.0100	-0.003100	4839.2600	-12.7700	0.700	0.000	7.84
44.2100	46.7000	-0.001000	4473.5500	2.1300	0.700	0.000	7.84
44.9700	47.4200	0.012800	4473.5500	13.8300	0.700	0.000	7.84
45.7300	48.1200	0.012800	4473.5500	0.0000	0.700	0.000	7.84
46.4400	48.8600	0.061800	4473.5500	48.9500	0.700	0.000	7.84
47.1600	49.5600	0.142700	4473.5500	80.8800	0.700	0.000	7.84
47.9000	50.2500	0.222500	4473.5500	79.8200	0.700	0.000	7.84
48.6400	50.9500	0.251200	4473.5500	28.7300	0.700	0.000	7.84
49.3800	51.6700	0.215000	4473.5500	-36.1800	0.700	0.000	7.84
50.1300	52.4700	0.215000	4473.5500	0.0000	0.700	0.000	7.84
50.8900	53.2600	0.137300	4473.5500	-77.6900	0.700	0.000	7.84
51.6700	54.1000	0.072400	4248.4900	-64.9200	0.700	0.000	7.84
52.4500	54.9600	0.035200	4248.4900	-37.2500	0.700	0.000	7.84
53.2600	55.8200	-0.005300	4248.4900	-40.4400	0.700	0.000	7.84
54.1000	56.7100	-0.029700	4248.4900	-24.4800	0.700	0.000	7.84
54.9200	57.5900	-0.029700	4248.4900	0.0000	0.700	0.000	7.84
55.7200	58.4900	0.024500	4248.4900	54.2800	0.700	0.000	7.84
56.5100	59.3700	0.125600	4248.4900	101.1000	0.700	0.000	7.84
57.3300	60.2800	0.173500	4248.4900	47.8900	0.700	0.000	7.84
58.1500	61.1800	0.141600	4248.4900	-31.9300	0.700	0.000	7.84
58.9900	62.0800	0.106500	4461.5800	-35.1200	0.700	0.000	7.84
59.8300	63.0200	0.106500	4461.5800	0.0000	0.700	0.000	7.84
60.7000	63.9500	0.121400	4461.5800	14.9000	0.700	0.000	7.84
61.5600	64.8900	0.134100	4461.5800	12.7700	0.700	0.000	7.84
62.4400	65.7900	0.141600	4461.5800	7.4500	0.700	0.000	7.84
63.3000	66.6700	0.182000	4461.5800	40.4400	0.700	0.000	7.84
64.1500	67.5600	0.210800	4461.5800	28.7300	0.700	0.000	7.84
64.9900	68.4400	0.210800	4461.5800	0.0000	0.700	0.000	7.84
65.8700	69.3200	0.157600	4461.5800	-53.2100	0.700	0.000	7.84
66.7500	70.1800	0.043700	4461.5800	-113.8700	0.700	0.000	7.84
67.6200	71.0700	-0.030800	5288.1800	-74.5000	0.700	0.000	7.84
68.5000	71.9100	-0.029700	5288.1800	1.0600	0.700	0.000	7.84
69.4200	72.7500	-0.036100	5288.1800	-6.3900	0.700	0.000	7.84
70.3300	73.5300	-0.036100	5288.1800	0.0000	0.700	0.000	7.84
71.2700	74.3200	-0.057400	5288.1800	-21.2800	0.700	0.000	7.84
72.2100	75.1200	-0.019100	5288.1800	38.3100	0.700	0.000	7.84
73.1500	75.9800	0.029900	5288.1800	48.9500	0.700	0.000	7.84
74.1200	76.8400	-0.007400	5288.1800	-37.2500	0.700	0.000	7.84
75.0800	77.7300	-0.090400	5288.1800	-83.0100	0.700	0.000	7.84
76.0600	78.6300	-0.090400	5288.1800	0.0000	0.700	0.000	7.84
77.0200	79.5500	-0.109600	5339.0500	-19.1600	0.700	0.000	7.84
77.9700	80.4500	-0.078700	5339.0500	30.8600	0.700	0.000	7.84
78.9300	81.3600	-0.039300	5339.0500	39.3800	0.700	0.000	7.84
79.8900	82.3200	0.017100	5339.0500	56.4000	0.700	0.000	7.84
80.8400	83.2800	0.056500	5339.0500	39.3800	0.700	0.000	7.84
81.8000	84.1900	0.056500	5339.0500	0.0000	0.700	0.000	7.84
82.7400	85.1100	0.071400	5339.0500	14.9000	0.700	0.000	7.84
83.6600	86.0300	0.110700	5339.0500	39.3800	0.700	0.000	7.84
84.5700	87.0100	0.207600	5339.0500	96.8400	0.700	0.000	7.84
85.5100	88.0200	0.271400	4674.6600	63.8500	0.700	0.000	7.84
86.4500	89.0800	0.271400	4674.6600	0.0000	0.700	0.000	7.84
87.4000	90.1600	0.220400	4674.6600	-51.0800	0.700	0.000	7.84
88.3400	91.2500	0.118200	4674.6600	-102.1700	0.700	0.000	7.84
89.2800	92.3700	0.047900	4674.6600	-70.2400	0.700	0.000	7.84
90.2600	93.5300	0.005400	4674.6600	-42.5700	0.700	0.000	7.84
91.2500	94.7000	0.000100	4674.6600	-5.3200	0.700	0.000	7.84
92.2500	95.9000	0.000100	4674.6600	0.0000	0.700	0.000	7.84
93.2700	97.1200	0.024500	4674.6600	24.4800	0.700	0.000	7.84
94.3000	98.3900	0.054300	4674.6600	29.8000	0.700	0.000	7.84
95.3600	99.6500	0.075600	2340.3100	21.2800	0.700	0.000	7.84
96.4200	100.9300	0.072400	2340.3100	-3.1900	0.700	0.000	7.84
97.4800	102.2200	0.087300	2340.3100	14.9000	0.700	0.000	7.84
98.5300	103.4800	0.087300	2340.3100	0.0000	0.700	0.000	7.84
99.6100	104.7700	0.111800	2340.3100	24.4800	0.700	0.000	7.84
100.7100	106.0700	0.132000	2340.3100	20.2200	0.700	0.000	7.84
101.8000	107.3500	0.191600	2340.3100	59.6000	0.700	0.000	7.84
102.9000	108.5800	0.266100	2340.3100	74.5000	0.700	0.000	7.84
104.0200	109.7600	0.310800	2340.3100	44.7000	0.700	0.000	7.84
105.1300	110.9800	0.310800	2340.3100	0.0000	0.700	0.000	7.84
106.2300	112.1300	0.337400	3191.4500	26.6100	0.700	0.000	7.84
107.3300	113.2500	0.356600	3191.4500	19.1600	0.700	0.000	7.84
108.4400	114.3300	0.353400	3191.4500	-3.1900	0.700	0.000	7.84
109.5600	115.3600	0.341700	3191.4500	-11.7100	0.700	0.000	7.84
110.6800	116.3600	0.340600	3191.4500	-1.0600	0.700	0.000	7.84
111.7900	117.2800	0.340600	3191.4500	0.0000	0.700	0.000	7.84
112.9500	118.2100	0.341700	3191.4500	1.0600	0.700	0.000	7.84
114.1300	119.1700	0.337400	3191.4500	-4.2600	0.700	0.000	7.84
115.3000	120.1900	0.315100	3191.4500	-22.3500	0.700	0.000	7.84
116.4600	121.2100	0.264000	4097.6600	-51.0800	0.700	0.000	7.84
117.6400	122.2200	0.205500	4097.6600	-58.5300	0.700	0.000	7.84
118.7900	123.2800	0.205500	4097.6600	0.0000	0.700	0.000	7.84
119.9300	124.3800	0.177800	4097.6600	-27.6700	0.700	0.000	7.84
121.0700	125.5300	0.190600	4097.6600	12.7700	0.700	0.000	7.84
122.2600	126.6700	0.218200	4097.6600	27.6700	0.700	0.000	7.84
123.4600	127.8300	0.215000	4097.6600	-3.1900	0.700	0.000	7.84
124.6400	128.8800	0.211800	4097.6600	-3.1900	0.700	0.000	7.84
125.8100	129.9400	0.211800	4097.6600	0.0000	0.700	0.000	7.84
126.9700	131.0400	0.282100	4097.6600	70.2400	0.700	0.000	7.84
128.0900	132.1300	0.477900	2723.9800	195.8200	0.700	0.000	7.84
129.2400	133.2700	0.695000	2723.9800	217.1000	0.700	0.000	7.84
130.4200	134.4500	0.729100	2723.9800	34.0600	0.700	0.000	7.84
131.5600	135.6600	0.606700	2723.9800	-122.3900	0.700	0.000	7.84
132.6300	136.8800	0.606700	2723.9800	0.0000	0.700	0.000	7.84
133.6900	138.1600	0.479000	2723.9800	-127.7100	0.700	0.000	7.84
134.8100	139.4900	0.438500	2723.9800	-40.4400	0.700	0.000	7.84
135.9400	140.8500	0.482200	2723.9800	43.6300	0.700	0.000	7.84
137.0800	142.2000	0.515100	2723.9800	32.9900	0.700	0.000	7.84
138.2600	143.5800	0.477900	2087.7300	-37.2500	0.700	0.000	7.84
139.4100	144.9200	0.477900	2087.7300	0.0000	0.700	0.000	7.84
140.6300	146.2700	0.463000	2087.7300	-14.9000	0.700	0.000	7.84
141.8300	147.6500	0.523700	2087.7300	60.6600	0.700	0.000	7.84
142.9800	149.0200	0.541700	2087.7300	18.0900	0.700	0.000	7.84
144.1400	150.3400	0.500200	2087.7300	-41.5000	0.700	0.000	7.84
145.3000	151.7000	0.500200	2087.7300	0.0000	0.700	0.000	7.84
146.4700	153.0300	0.436400	2087.7300	-63.8500	0.700	0.000	7.84
147.6500	154.3700	0.342700	2087.7300	-93.6500	0.700	0.000	7.84
148.9100	155.6500	0.242700	2087.7300	-100.0400	0.700	0.000	7.84
150.1400	156.8800	0.222500	1870.4500	-20.2200	0.700	0.000	7.84
151.3800	158.0200	0.276800	1870.4500	54.2800	0.700	0.000	7.84
152.5900	159.1200	0.276800	1870.4500	0.0000	0.700	0.000	7.84
153.8500	160.2500	0.318300	1870.4500	41.5000	0.700	0.000	7.84
155.1100	161.4100	0.364000	1870.4500	45.7600	0.700	0.000	7.84
156.4000	162.5700	0.423600	1870.4500	59.6000	0.700	0.000	7.84
157.6600	163.7200	0.477900	1870.4500	54.2800	0.700	0.000	7.84
158.9000	164.9000	0.520500	1870.4500	42.5700	0.700	0.000	7.84
160.0900	166.1100	0.520500	1870.4500	0.0000	0.700	0.000	7.84
161.2900	167.4300	0.539600	1870.4500	19.1600	0.700	0.000	7.84
162.5100	168.7500	0.550300	4064.7400	10.6400	0.700	0.000	7.84
163.7000	170.1000	0.540700	4064.7400	-9.5800	0.700	0.000	7.84
164.8800	171.4600	0.470400	4064.7400	-70.2400	0.700	0.000	7.84
166.0500	172.8800	0.395900	4064.7400	-74.5000	0.700	0.000	7.84
167.2100	174.3500	0.395900	4064.7400	0.0000	0.700	0.000	7.84
168.4100	175.8500	0.384200	4064.7400	-11.7100	0.700	0.000	7.84
169.6400	177.3400	0.417200	4064.7400	32.9900	0.700	0.000	7.84
170.8600	178.8000	0.443800	4064.7400	26.6100	0.700	0.000	7.84
172.0800	180.2700	0.423600	4064.7400	-20.2200	0.700	0.000	7.84
173.2900	181.7300	0.420400	3503.3000	-3.1900	0.700	0.000	7.84
174.5500	183.2600	0.420400	3503.3000	0.0000	0.700	0.000	7.84
175.8500	184.8200	0.515100	3503.3000	94.7200	0.700	0.000	7.84
177.1400	186.3800	0.638600	3503.3000	123.4500	0.700	0.000	7.84
178.4400	187.9900	0.688600	3503.3000	50.0200	0.700	0.000	7.84
179.7400	189.6100	0.681200	3503.3000	-7.4500	0.700	0.000	7.84
181.0300	191.2400	0.639700	3503.3000	-41.5000	0.700	0.000	7.84
182.3500	192.8600	0.639700	3503.3000	0.0000	0.700	0.000	7.84
183.7000	194.4100	0.586400	3503.3000	-53.2100	0.700	0.000	7.84
185.0800	195.8500	0.576900	3503.3000	-9.5800	0.700	0.000	7.84
186.4800	197.2000	0.627900	2299.0100	51.0800	0.700	0.000	7.84
187.8900	198.5200	0.692900	2299.0100	64.9200	0.700	0.000	7.84
189.3300	199.7800	0.736500	2299.0100	43.6300	0.700	0.000	7.84
190.8200	200.9700	0.736500	2299.0100	0.0000	0.700	0.000	7.84
192.3200	202.1300	0.789700	2299.0100	53.2100	0.700	0.000	7.84
193.7500	203.2500	0.888700	2299.0100	98.9700	0.700	0.000	7.84
195.1500	204.3600	0.989800	2299.0100	101.1000	0.700	0.000	7.84
196.5700	205.5200	1.032400	2299.0100	42.5700	0.700	0.000	7.84
198.0200	206.7200	0.987700	2299.0100	-44.7000	0.700	0.000	7.84
199.4800	208.0300	0.987700	2299.0100	0.0000	0.700	0.000	7.84
200.9100	209.3900	0.866300	2717.4000	-121.3200	0.700	0.000	7.84
202.2900	210.7800	0.722700	2717.4000	-143.6700	0.700	0.000	7.84
203.6900	212.2000	0.616200	2717.4000	-106.4200	0.700	0.000	7.84
205.0600	213.6400	0.571500	2717.4000	-44.7000	0.700	0.000	7.84
206.4800	215.0300	0.547100	2717.4000	-24.4800	0.700	0.000	7.84
207.8300	216.4900	0.547100	2717.4000	0.0000	0.700	0.000	7.84
209.1900	217.9400	0.576900	2717.4000	29.8000	0.700	0.000	7.84
210.5500	219.4400	0.726900	2717.4000	150.0600	0.700	0.000	7.84
211.9000	220.9900	0.930200	2717.4000	203.2700	0.700	0.000	7.84
213.3000	222.5500	1.067500	1515.5100	137.2900	0.700	0.000	7.84
214.6900	224.1300	1.067500	1515.5100	0.0000	0.700	0.000	7.84
216.0100	225.6600	1.090900	1515.5100	23.4100	0.700	0.000	7.84
217.2900	227.2000	1.027000	1515.5100	-63.8500	0.700	0.000	7.84
218.6200	228.7500	0.953600	1515.5100	-73.4300	0.700	0.000	7.84
219.9600	230.3100	0.897200	1515.5100	-56.4000	0.700	0.000	7.84
221.2900	231.8200	0.796100	1515.5100	-101.1000	0.700	0.000	7.84
222.6500	233.3400	0.796100	1515.5100	0.0000	0.700	0.000	7.84
224.0100	234.8100	0.687500	1515.5100	-108.5500	0.700	0.000	7.84
225.3400	236.2300	0.660900	1515.5100	-26.6100	0.700	0.000	7.84
226.7400	237.5900	0.687500	2643.1800	26.6100	0.700	0.000	7.84
228.1300	238.9000	0.741800	2643.1800	54.2800	0.700	0.000	7.84
229.5100	240.1600	0.814200	2643.1800	72.3700	0.700	0.000	7.84
230.9100	241.4100	0.814200	2643.1800	0.0000	0.700	0.000	7.84
232.3400	242.7100	0.894000	2643.1800	79.8200	0.700	0.000	7.84
233.8200	244.0300	0.940800	2643.1800	46.8300	0.700	0.000	7.84
235.3100	245.3000	0.902500	2643.1800	-38.3100	0.700	0.000	7.84
236.8300	246.6400	0.836500	2643.1800	-65.9800	0.700	0.000	7.84
238.3400	248.0200	0.803500	2643.1800	-32.9900	0.700	0.000	7.84
239.8200	249.4500	0.803500	2643.1800	0.0000	0.700	0.000	7.84
241.2600	250.9900	0.773700	3755.8900	-29.8000	0.700	0.000	7.84
242.6900	252.6600	0.717300	3755.8900	-56.4000	0.700	0.000	7.84
244.1300	254.4600	0.701400	3755.8900	-15.9600	0.700	0.000	7.84
245.5600	256.2100	0.732200	3755.8900	30.8600	0.700	0.000	7.84
246.9800	257.9900	0.670500	3755.8900	-61.7300	0.700	0.000	7.84
248.3500	259.7400	0.670500	3755.8900	0.0000	0.700	0.000	7.84
249.7100	261.4800	0.494900	3755.8900	-175.6000	0.700	0.000	7.84
251.1100	263.2100	0.401300	3755.8900	-93.6500	0.700	0.000	7.84
252.5200	264.9300	0.522600	3755.8900	121.3200	0.700	0.000	7.84
254.0000	266.6400	0.712000	4266.4500	189.4300	0.700	0.000	7.84
255.4300	268.4000	0.774800	4266.4500	62.7900	0.700	0.000	7.84
256.8900	270.1900	0.774800	4266.4500	0.0000	0.700	0.000	7.84
258.3900	272.0100	0.737600	4266.4500	-37.2500	0.700	0.000	7.84
259.8600	273.8200	0.626900	4266.4500	-110.6800	0.700	0.000	7.84
261.3600	275.6500	0.493900	4266.4500	-133.0300	0.700	0.000	7.84
262.8900	277.4700	0.464100	4266.4500	-29.8000	0.700	0.000	7.84
264.4700	279.2400	0.516200	4266.4500	52.1500	0.700	0.000	7.84
266.0800	280.8200	0.516200	4266.4500	0.0000	0.700	0.000	7.84
267.7000	282.1800	0.599200	4266.4500	83.0100	0.700	0.000	7.84
269.3500	283.4300	0.718400	1650.1900	119.1900	0.700	0.000	7.84
271.0100	284.6900	0.828000	1650.1900	109.6200	0.700	0.000	7.84
272.7000	285.9400	0.840800	1650.1900	12.7700	0.700	0.000	7.84
274.3800	287.2200	0.797200	1650.1900	-43.6300	0.700	0.000	7.84
276.0700	288.5400	0.797200	1650.1900	0.0000	0.700	0.000	7.84
277.7500	289.8900	0.806700	1650.1900	9.5800	0.700	0.000	7.84
279.3800	291.3300	0.828000	1650.1900	21.2800	0.700	0.000	7.84
281.0200	292.8800	0.751400	1650.1900	-76.6200	0.700	0.000	7.84
282.6300	294.5400	0.623700	1650.1900	-127.7100	0.700	0.000	7.84
284.2100	296.2300	0.536400	1670.5400	-87.2700	0.700	0.000	7.84
285.8100	297.9100	0.536400	1670.5400	0.0000	0.700	0.000	7.84
287.4000	299.6400	0.467300	1670.5400	-69.1700	0.700	0.000	7.84
288.9600	301.4000	0.403400	1670.5400	-63.8500	0.700	0.000	7.84
290.5300	303.1700	0.451300	1670.5400	47.8900	0.700	0.000	7.84
292.0500	304.9700	0.693900	1670.5400	242.6400	0.700	0.000	7.84
293.5400	306.7200	0.955700	1670.5400	261.8000	0.700	0.000	7.84
295.0600	308.3800	0.955700	1670.5400	0.0000	0.700	0.000	7.84
296.5900	310.0100	0.997200	1670.5400	41.5000	0.700	0.000	7.84
298.1900	311.6300	0.902500	1670.5400	-94.7200	0.700	0.000	7.84
299.8200	313.2500	0.865300	1437.1000	-37.2500	0.700	0.000	7.84
301.5000	314.8800	0.839700	1437.1000	-25.5400	0.700	0.000	7.84
303.1500	316.5000	0.839700	1437.1000	0.0000	0.700	0.000	7.84
304.7100	318.1300	0.765200	1437.1000	-74.5000	0.700	0.000	7.84
306.2700	319.7700	0.706700	1437.1000	-58.5300	0.700	0.000	7.84
307.8200	321.3800	0.658800	1437.1000	-47.8900	0.700	0.000	7.84
309.3800	322.9400	0.535400	1437.1000	-123.4500	0.700	0.000	7.84
310.9100	324.4500	0.392800	1437.1000	-142.6100	0.700	0.000	7.84
312.4700	325.9300	0.392800	1437.1000	0.0000	0.700	0.000	7.84
314.0200	327.3200	0.369300	1437.1000	-23.4100	0.700	0.000	7.84
315.6200	328.7200	0.399100	1690.8900	29.8000	0.700	0.000	7.84
317.1900	330.1400	0.433200	1690.8900	34.0600	0.700	0.000	7.84
318.8500	331.6300	0.496000	1690.8900	62.7900	0.700	0.000	7.84
320.5200	333.2300	0.530000	1690.8900	34.0600	0.700	0.000	7.84
322.1600	334.9200	0.530000	1690.8900	0.0000	0.700	0.000	7.84
323.7500	336.7400	0.535400	1690.8900	5.3200	0.700	0.000	7.84
325.3300	338.6700	0.502400	1690.8900	-32.9900	0.700	0.000	7.84
326.9100	340.6600	0.422600	1690.8900	-79.8200	0.700	0.000	7.84
328.5200	342.6600	0.302300	1690.8900	-120.2600	0.700	0.000	7.84
330.1000	344.6300	0.188400	6456.5500	-113.8700	0.700	0.000	7.84
331.6500	346.6100	0.188400	6456.5500	0.0000	0.700	0.000	7.84
333.2300	348.5600	0.193700	6456.5500	5.3200	0.700	0.000	7.84
334.8000	350.5200	0.253300	6456.5500	59.6000	0.700	0.000	7.84
336.4400	352.4700	0.259700	6456.5500	6.3900	0.700	0.000	7.84
338.0900	354.4400	0.210800	6456.5500	-48.9500	0.700	0.000	7.84
339.7700	356.4000	0.134100	6456.5500	-76.6200	0.700	0.000	7.84
341.4400	358.3300	0.134100	6456.5500	0.0000	0.700	0.000	7.84
343.1600	360.1700	0.068200	6456.5500	-65.9800	0.700	0.000	7.84
344.9100	361.9000	0.060700	6456.5500	-7.4500	0.700	0.000	7.84
346.7100	363.5800	0.144800	1851.3000	84.0700	0.700	0.000	7.84
348.5400	365.1500	0.306600	1851.3000	161.7600	0.700	0.000	7.84
350.4000	366.6500	0.471500	1851.3000	164.9500	0.700	0.000	7.84
352.2700	368.0800	0.471500	1851.3000	0.0000	0.700	0.000	7.84
354.1500	369.4800	0.553500	1851.3000	81.9500	0.700	0.000	7.84
356.0000	370.8600	0.541700	1851.3000	-11.7100	0.700	0.000	7.84
357.8300	372.2300	0.494900	1851.3000	-46.8300	0.700	0.000	7.84
359.6300	373.6500	0.503400	1851.3000	8.5100	0.700	0.000	7.84
361.4000	375.1800	0.513000	1851.3000	9.5800	0.700	0.000	7.84
363.2000	376.9200	0.513000	1851.3000	0.0000	0.700	0.000	7.84
364.9700	378.7700	0.418300	1468.2300	-94.7200	0.700	0.000	7.84
366.7300	380.7700	0.233100	1468.2300	-185.1800	0.700	0.000	7.84
368.4800	382.8200	0.058600	1468.2300	-174.5300	0.700	0.000	7.84
370.2000	384.8800	-0.028700	1468.2300	-87.2700	0.700	0.000	7.84
371.9300	386.8700	-0.058500	1468.2300	-29.8000	0.700	0.000	7.84
373.6500	388.8800	-0.058500	1468.2300	0.0000	0.700	0.000	7.84
375.3200	390.8800	-0.020200	1468.2300	38.3100	0.700	0.000	7.84
377.0200	392.8100	0.092600	1468.2300	112.8100	0.700	0.000	7.84
378.6900	394.6100	0.220400	1468.2300	127.7100	0.700	0.000	7.84
380.3700	396.3000	0.432100	1480.2000	211.7800	0.700	0.000	7.84
382.0400	397.9200	0.701400	1480.2000	269.2500	0.700	0.000	7.84
383.7600	399.4700	0.701400	1480.2000	0.0000	0.700	0.000	7.84
385.4700	401.0100	0.803500	1480.2000	102.1700	0.700	0.000	7.84
387.1900	402.5400	0.691800	1480.2000	-111.7400	0.700	0.000	7.84
388.8600	404.1400	0.558800	1480.2000	-133.0300	0.700	0.000	7.84
390.5000	405.7500	0.503400	1480.2000	-55.3400	0.700	0.000	7.84
392.1300	407.4100	0.499200	1480.2000	-4.2600	0.700	0.000	7.84
393.8300	409.1200	0.499200	1480.2000	0.0000	0.700	0.000	7.84
395.5600	410.8600	0.483200	1480.2000	-15.9600	0.700	0.000	7.84
397.3200	412.6700	0.375700	579.3800	-107.4900	0.700	0.000	7.84
399.0700	414.5700	0.185200	579.3800	-190.5000	0.700	0.000	7.84
400.8100	416.5200	-0.004200	579.3800	-189.4300	0.700	0.000	7.84
402.5400	418.4800	-0.004200	579.3800	0.0000	0.700	0.000	7.84
404.2400	420.4300	-0.105300	579.3800	-101.1000	0.700	0.000	7.84
405.9100	422.5300	-0.122300	579.3800	-17.0300	0.700	0.000	7.84
407.6300	424.7200	-0.157400	579.3800	-35.1200	0.700	0.000	7.84
409.3000	426.8900	-0.184100	579.3800	-26.6100	0.700	0.000	7.84
410.9600	429.0500	-0.129800	579.3800	54.2800	0.700	0.000	7.84
412.5900	431.2200	-0.129800	579.3800	0.0000	0.700	0.000	7.84
414.1900	433.3900	0.099000	1862.6700	228.8100	0.700	0.000	7.84
415.8100	435.4700	0.480000	1862.6700	380.9900	0.700	0.000	7.84
417.4600	437.4000	0.667300	1862.6700	187.3000	0.700	0.000	7.84
419.1200	439.1200	0.537500	1862.6700	-129.8400	0.700	0.000	7.84
420.7900	440.6900	0.383200	1862.6700	-154.3100	0.700	0.000	7.84
422.5300	442.2100	0.383200	1862.6700	0.0000	0.700	0.000	7.84
424.3200	443.6600	0.537500	1862.6700	154.3100	0.700	0.000	7.84
426.1000	445.1600	0.896100	1862.6700	358.6400	0.700	0.000	7.84
427.8900	446.7900	1.118600	1862.6700	222.4200	0.700	0.000	7.84
429.7400	448.6100	1.110000	5161.8800	-8.5100	0.700	0.000	7.84
431.6400	450.5200	0.967400	5161.8800	-142.6100	0.700	0.000	7.84
433.6100	452.4200	0.967400	5161.8800	0.0000	0.700	0.000	7.84
435.6500	454.2700	0.829100	5161.8800	-138.3500	0.700	0.000	7.84
437.7000	456.0900	0.689700	5161.8800	-139.4100	0.700	0.000	7.84
439.7800	457.8600	0.526800	5161.8800	-162.8300	0.700	0.000	7.84
441.8300	459.6200	0.442800	5161.8800	-84.0700	0.700	0.000	7.84
443.8600	461.4300	0.569400	5161.8800	126.6400	0.700	0.000	7.84
445.8400	463.3500	0.569400	5161.8800	0.0000	0.700	0.000	7.84
447.7300	465.4000	0.766300	5161.8800	196.8800	0.700	0.000	7.84
449.5500	467.5300	0.788600	241.2000	22.3500	0.700	0.000	7.84
451.3600	469.7500	0.781200	241.2000	-7.4500	0.700	0.000	7.84
453.1600	472.0200	0.891900	241.2000	110.6800	0.700	0.000	7.84
454.9300	474.2700	0.925900	241.2000	34.0600	0.700	0.000	7.84
456.7500	476.4500	0.925900	241.2000	0.0000	0.700	0.000	7.84
458.5600	478.4200	0.845100	241.2000	-80.8800	0.700	0.000	7.84
460.3800	480.1400	0.842900	241.2000	-2.1300	0.700	0.000	7.84
462.1500	481.6900	0.912100	241.2000	69.1700	0.700	0.000	7.84
463.9400	483.2100	0.908900	241.2000	-3.1900	0.700	0.000	7.84
465.7200	484.7400	0.840800	711.0600	-68.1100	0.700	0.000	7.84
467.4900	486.3000	0.840800	711.0600	0.0000	0.700	0.000	7.84
469.3500	487.9500	0.781200	711.0600	-59.6000	0.700	0.000	7.84
471.1600	489.6700	0.739700	711.0600	-41.5000	0.700	0.000	7.84
472.9400	491.4800	0.671600	711.0600	-68.1100	0.700	0.000	7.84
474.7100	493.5000	0.655600	711.0600	-15.9600	0.700	0.000	7.84
476.4900	495.6100	0.650300	711.0600	-5.3200	0.700	0.000	7.84
478.3000	497.7100	0.650300	711.0600	0.0000	0.700	0.000	7.84
480.1600	499.7600	0.443800	711.0600	-206.4600	0.700	0.000	7.84
481.9900	501.7500	0.155400	711.0600	-288.4000	0.700	0.000	7.84
483.7900	503.6900	0.133100	1015.7200	-22.3500	0.700	0.000	7.84
485.6400	505.6800	0.442800	1015.7200	309.6900	0.700	0.000	7.84
487.4400	507.7800	0.766300	1015.7200	323.5200	0.700	0.000	7.84
489.2300	509.9900	0.766300	1015.7200	0.0000	0.700	0.000	7.84
491.0500	512.2800	0.883400	1015.7200	117.0600	0.700	0.000	7.84
492.8400	514.5400	0.842900	1015.7200	-40.4400	0.700	0.000	7.84
494.5800	516.8100	0.775900	1015.7200	-67.0500	0.700	0.000	7.84
496.2900	519.0600	0.717300	1015.7200	-58.5300	0.700	0.000	7.84
497.9700	521.1600	0.667300	1015.7200	-50.0200	0.700	0.000	7.84
499.6400	523.0500	0.667300	1015.7200	0.0000	0.700	0.000	7.84
501.3400	524.7900	0.674800	3603.8500	7.4500	0.700	0.000	7.84
503.1100	526.4000	0.712000	3603.8500	37.2500	0.700	0.000	7.84
504.9800	528.0200	0.728000	3603.8500	15.9600	0.700	0.000	7.84
506.8800	529.6700	0.693900	3603.8500	-34.0600	0.700	0.000	7.84
508.8100	531.3900	0.659900	3603.8500	-34.0600	0.700	0.000	7.84
510.7900	533.1600	0.659900	3603.8500	0.0000	0.700	0.000	7.84
512.7600	535.1200	0.676900	3603.8500	17.0300	0.700	0.000	7.84
514.8000	537.2300	0.729100	3603.8500	52.1500	0.700	0.000	7.84
516.9300	539.4000	0.755700	3603.8500	26.6100	0.700	0.000	7.84
519.1000	541.6200	0.672600	-399.8500	-83.0100	0.700	0.000	7.84
521.3000	543.6700	0.598200	-399.8500	-74.5000	0.700	0.000	7.84
523.4900	545.6100	0.598200	-399.8500	0.0000	0.700	0.000	7.84
525.6200	547.5200	0.595000	-399.8500	-3.1900	0.700	0.000	7.84
527.6400	549.6700	0.548100	-399.8500	-46.8300	0.700	0.000	7.84
529.6100	552.0100	0.492800	-399.8500	-55.3400	0.700	0.000	7.84
531.5300	554.4200	0.549200	-399.8500	56.4000	0.700	0.000	7.84
533.4200	556.8500	0.549200	-399.8500	0.0000	0.700	0.000	7.84
535.2400	559.1500	0.687500	-399.8500	138.3500	0.700	0.000	7.84
537.0500	561.2000	0.778000	-399.8500	90.4600	0.700	0.000	7.84
538.9100	562.9800	0.834400	1372.4600	56.4000	0.700	0.000	7.84
540.7600	564.6300	0.977000	1372.4600	142.6100	0.700	0.000	7.84
542.6200	566.1500	1.124900	1372.4600	147.9300	0.700	0.000	7.84
544.4500	567.6400	1.124900	1372.4600	0.0000	0.700	0.000	7.84
546.2800	569.1200	1.126000	1372.4600	1.0600	0.700	0.000	7.84
548.1400	570.7100	1.019600	1372.4600	-106.4200	0.700	0.000	7.84
550.0500	572.5100	0.912100	1372.4600	-107.4900	0.700	0.000	7.84
552.0100	574.5800	0.790800	1372.4600	-121.3200	0.700	0.000	7.84
554.0000	576.8200	0.652400	1372.4600	-138.3500	0.700	0.000	7.84
556.0200	579.0900	0.652400	1372.4600	0.0000	0.700	0.000	7.84
558.0100	581.3200	0.532200	2722.7900	-120.2600	0.700	0.000	7.84
559.9800	583.5200	0.450200	2722.7900	-81.9500	0.700	0.000	7.84
561.9400	585.7100	0.347000	2722.7900	-103.2300	0.700	0.000	7.84
563.8900	587.9200	0.301200	2722.7900	-45.7600	0.700	0.000	7.84
565.8300	590.1800	0.499200	2722.7900	197.9500	0.700	0.000	7.84
567.7200	592.4900	0.499200	2722.7900	0.0000	0.700	0.000	7.84
569.6200	594.8400	0.686500	2722.7900	187.3000	0.700	0.000	7.84
571.5100	597.2200	0.620500	2722.7900	-65.9800	0.700	0.000	7.84
573.3900	599.5300	0.480000	2722.7900	-140.4800	0.700	0.000	7.84
575.2000	601.7800	0.509800	838.5500	29.8000	0.700	0.000	7.84
576.9900	603.9200	0.648200	838.5500	138.3500	0.700	0.000	7.84
578.7900	605.8500	0.648200	838.5500	0.0000	0.700	0.000	7.84
580.6200	607.6100	0.690700	838.5500	42.5700	0.700	0.000	7.84
582.5000	609.2400	0.683300	838.5500	-7.4500	0.700	0.000	7.84
584.3300	610.8200	0.730100	838.5500	46.8300	0.700	0.000	7.84
586.2100	612.3900	0.879100	838.5500	148.9900	0.700	0.000	7.84
588.1200	613.9900	0.994000	838.5500	114.9400	0.700	0.000	7.84
590.1000	615.7800	0.994000	838.5500	0.0000	0.700	0.000	7.84
592.1500	617.8400	0.952500	838.5500	-41.5000	0.700	0.000	7.84
594.2400	620.0700	0.747100	1112.6900	-205.4000	0.700	0.000	7.84
596.4400	622.3200	0.351300	1112.6900	-395.8900	0.700	0.000	7.84
598.7100	624.4600	0.039400	1112.6900	-311.8200	0.700	0.000	7.84
601.0400	626.4300	0.116100	1112.6900	76.6200	0.700	0.000	7.84
603.4600	628.4200	0.116100	1112.6900	0.0000	0.700	0.000	7.84
605.8500	630.5800	0.403400	1112.6900	287.3400	0.700	0.000	7.84
608.1800	632.9100	0.621600	1112.6900	218.1700	0.700	0.000	7.84
610.4200	635.3000	0.721600	1112.6900	100.0400	0.700	0.000	7.84
612.5100	637.6800	0.748200	1112.6900	26.6100	0.700	0.000	7.84
614.4900	640.0100	0.736500	390.8400	-11.7100	0.700	0.000	7.84
616.5000	642.3400	0.736500	390.8400	0.0000	0.700	0.000	7.84
618.5500	644.5800	0.740800	390.8400	4.2600	0.700	0.000	7.84
620.5900	646.5900	0.866300	390.8400	125.5800	0.700	0.000	7.84
622.7200	648.3700	1.104700	390.8400	238.3900	0.700	0.000	7.84
624.8300	650.0400	1.368700	390.8400	263.9300	0.700	0.000	7.84
626.9100	651.6400	1.490000	390.8400	121.3200	0.700	0.000	7.84
628.8800	653.2500	1.490000	390.8400	0.0000	0.700	0.000	7.84
630.8200	654.9300	1.343100	390.8400	-146.8600	0.700	0.000	7.84
632.7700	656.7600	1.131300	390.8400	-211.7800	0.700	0.000	7.84
634.7700	658.7600	1.020600	4282.0100	-110.6800	0.700	0.000	7.84
636.7400	660.9700	0.861000	4282.0100	-159.6300	0.700	0.000	7.84
638.7100	663.3800	0.645000	4282.0100	-216.0400	0.700	0.000	7.84
640.7500	665.8400	0.645000	4282.0100	0.0000	0.700	0.000	7.84
642.8200	668.3300	0.453400	4282.0100	-191.5600	0.700	0.000	7.84
644.8400	670.7800	0.286300	4282.0100	-167.0800	0.700	0.000	7.84
646.8700	673.2500	0.209700	4282.0100	-76.6200	0.700	0.000	7.84
648.9200	675.6900	0.240600	4282.0100	30.8600	0.700	0.000	7.84
650.9000	678.0600	0.416200	4282.0100	175.6000	0.700	0.000	7.84
652.8700	680.3500	0.416200	4282.0100	0.0000	0.700	0.000	7.84
654.8700	682.6300	0.551300	1641.8100	135.1600	0.700	0.000	7.84
656.8400	684.9000	0.496000	1641.8100	-55.3400	0.700	0.000	7.84
658.7400	687.0900	0.489600	1641.8100	-6.3900	0.700	0.000	7.84
660.6500	689.1900	0.586400	1641.8100	96.8400	0.700	0.000	7.84
662.6200	691.1800	0.595000	1641.8100	8.5100	0.700	0.000	7.84
664.5800	693.0400	0.595000	1641.8100	0.0000	0.700	0.000	7.84
666.5500	694.8500	0.538600	1641.8100	-56.4000	0.700	0.000	7.84
668.5300	696.6100	0.607700	1641.8100	69.1700	0.700	0.000	7.84
670.5000	698.3800	0.765200	1641.8100	157.5100	0.700	0.000	7.84
672.6000	700.2100	0.854600	-587.2000	89.3900	0.700	0.000	7.84
674.7300	702.1900	0.854600	-587.2000	0.0000	0.700	0.000	7.84
676.9800	704.4000	0.800400	-587.2000	-54.2800	0.700	0.000	7.84
679.3000	706.6600	0.696100	-587.2000	-104.2900	0.700	0.000	7.84
681.6500	708.9300	0.658800	-587.2000	-37.2500	0.700	0.000	7.84
684.0200	711.2800	0.690700	-587.2000	31.9300	0.700	0.000	7.84
686.3400	713.6800	0.745000	-587.2000	54.2800	0.700	0.000	7.84
688.5500	716.0700	0.745000	-587.2000	0.0000	0.700	0.000	7.84
690.6800	718.4400	0.730100	-587.2000	-14.9000	0.700	0.000	7.84
692.8000	720.7900	0.686500	-587.2000	-43.6300	0.700	0.000	7.84
694.8700	723.0900	0.663100	-334.0100	-23.4100	0.700	0.000	7.84
696.9400	725.2600	0.635400	-334.0100	-27.6700	0.700	0.000	7.84
698.9800	727.2800	0.643900	-334.0100	8.5100	0.700	0.000	7.84
700.9700	729.1900	0.643900	-334.0100	0.0000	0.700	0.000	7.84
702.9700	730.9800	0.799300	-334.0100	155.3800	0.700	0.000	7.84
705.0200	732.7400	1.072800	-334.0100	273.5100	0.700	0.000	7.84
707.0700	734.4900	1.263300	-334.0100	190.5000	0.700	0.000	7.84
709.1300	736.2900	1.314400	-334.0100	51.0800	0.700	0.000	7.84
711.1600	738.1800	1.265400	-334.0100	-48.9500	0.700	0.000	7.84
713.1800	740.1600	1.265400	-334.0100	0.0000	0.700	0.000	7.84
715.1900	742.3500	1.165400	1291.6500	-100.0400	0.700	0.000	7.84
717.1700	744.6800	1.038700	1291.6500	-126.6400	0.700	0.000	7.84
719.1400	747.1200	0.819500	1291.6500	-219.2300	0.700	0.000	7.84
721.2100	749.5900	0.656700	1291.6500	-162.8300	0.700	0.000	7.84
723.3500	752.1400	0.656700	1291.6500	0.0000	0.700	0.000	7.84
725.4400	754.7000	0.656700	1291.6500	0.0000	0.700	0.000	7.84
727.5500	757.2300	0.641800	1291.6500	-14.9000	0.700	0.000	7.84
729.6700	759.7400	0.617300	1291.6500	-24.4800	0.700	0.000	7.84
731.7600	762.0300	0.669500	1291.6500	52.1500	0.700	0.000	7.84
733.8000	764.1900	0.833300	1770.4900	163.8900	0.700	0.000	7.84
735.7900	766.2200	1.100500	1770.4900	267.1200	0.700	0.000	7.84
737.7700	768.2400	1.100500	1770.4900	0.0000	0.700	0.000	7.84
739.7200	770.2100	1.289900	1770.4900	189.4300	0.700	0.000	7.84
741.6700	772.1600	1.284600	1770.4900	-5.3200	0.700	0.000	7.84
743.5700	774.1000	1.202600	1770.4900	-81.9500	0.700	0.000	7.84
745.5200	776.0500	1.129200	1770.4900	-73.4300	0.700	0.000	7.84
747.5600	778.0100	1.068500	1770.4900	-60.6600	0.700	0.000	7.84
749.6300	779.9800	1.068500	1770.4900	0.0000	0.700	0.000	7.84
751.7400	782.0200	0.978100	1770.4900	-90.4600	0.700	0.000	7.84
753.8800	784.1300	0.937600	2234.9700	-40.4400	0.700	0.000	7.84
756.0900	786.3200	1.027000	2234.9700	89.3900	0.700	0.000	7.84
758.3600	788.6200	1.086600	2234.9700	59.6000	0.700	0.000	7.84
760.7400	790.9900	1.029200	2234.9700	-57.4700	0.700	0.000	7.84
763.1500	793.4400	1.029200	2234.9700	0.0000	0.700	0.000	7.84
765.6000	795.9400	0.983400	2234.9700	-45.7600	0.700	0.000	7.84
768.0600	798.4500	1.062200	2234.9700	78.7500	0.700	0.000	7.84
770.4700	800.9600	1.166400	2234.9700	104.2900	0.700	0.000	7.84
772.7800	803.4100	1.180300	2234.9700	13.8300	0.700	0.000	7.84
775.0200	805.7100	1.134500	-1258.1700	-45.7600	0.700	0.000	7.84
777.1900	807.8800	1.134500	-1258.1700	0.0000	0.700	0.000	7.84
779.3200	809.9500	1.155800	-1258.1700	21.2800	0.700	0.000	7.84
781.4200	811.9700	1.250500	-1258.1700	94.7200	0.700	0.000	7.84
783.4900	813.9400	1.195200	-1258.1700	-55.3400	0.700	0.000	7.84
785.5500	815.8800	0.948300	-1258.1700	-246.9000	0.700	0.000	7.84
787.6000	817.8500	0.731200	-1258.1700	-217.1000	0.700	0.000	7.84
789.6300	819.8500	0.731200	-1258.1700	0.0000	0.700	0.000	7.84
791.7100	821.9400	0.722700	-1258.1700	-8.5100	0.700	0.000	7.84
793.8000	824.0900	0.827000	-1258.1700	104.2900	0.700	0.000	7.84
795.9400	826.3900	0.828000	1001.3600	1.0600	0.700	0.000	7.84
798.0500	828.7400	0.717300	1001.3600	-110.6800	0.700	0.000	7.84
800.1800	831.3100	0.655600	1001.3600	-61.7300	0.700	0.000	7.84
802.3800	833.9800	0.655600	1001.3600	0.0000	0.700	0.000	7.84
804.5900	836.6400	0.695000	1001.3600	39.3800	0.700	0.000	7.84
806.8000	839.2700	0.739700	1001.3600	44.7000	0.700	0.000	7.84
808.9800	841.8800	0.692900	1001.3600	-46.8300	0.700	0.000	7.84
811.1500	844.4300	0.521500	1001.3600	-171.3400	0.700	0.000	7.84
813.2800	846.7500	0.476800	1001.3600	-44.7000	0.700	0.000	7.84
815.3800	848.7800	0.476800	1001.3600	0.0000	0.700	0.000	7.84
817.3900	850.6000	0.788600	2545.0200	311.8200	0.700	0.000	7.84
819.3500	852.3700	1.208000	2545.0200	419.3000	0.700	0.000	7.84
821.3000	854.2000	1.404800	2545.0200	196.8800	0.700	0.000	7.84
823.2400	856.2200	1.331400	2545.0200	-73.4300	0.700	0.000	7.84
825.1700	858.3700	1.104700	2545.0200	-226.6800	0.700	0.000	7.84
827.2000	860.6100	1.104700	2545.0200	0.0000	0.700	0.000	7.84
829.3400	862.8600	0.894000	2545.0200	-210.7200	0.700	0.000	7.84
831.5300	865.0700	0.756700	2545.0200	-137.2900	0.700	0.000	7.84
833.8000	867.0700	0.653500	2545.0200	-103.2300	0.700	0.000	7.84
836.0800	869.0600	0.609900	1608.8900	-43.6300	0.700	0.000	7.84
838.3700	871.2800	0.609900	1608.8900	0.0000	0.700	0.000	7.84
840.7400	873.6900	0.732200	1608.8900	122.3900	0.700	0.000	7.84
843.2400	876.3400	0.899300	1608.8900	167.0800	0.700	0.000	7.84
845.7700	878.9500	0.864200	1608.8900	-35.1200	0.700	0.000	7.84
848.3000	881.5300	0.834400	1608.8900	-29.8000	0.700	0.000	7.84
850.7900	884.0400	1.014300	1608.8900	179.8500	0.700	0.000	7.84
853.2100	886.4300	1.014300	1608.8900	0.0000	0.700	0.000	7.84
855.5800	888.7000	1.185600	1608.8900	171.3400	0.700	0.000	7.84
857.9300	890.8600	1.199400	1608.8900	13.8300	0.700	0.000	7.84
860.1900	892.9300	1.139800	-417.8100	-59.6000	0.700	0.000	7.84
862.4200	894.9700	1.123900	-417.8100	-15.9600	0.700	0.000	7.84
864.6900	897.0600	1.154700	-417.8100	30.8600	0.700	0.000	7.84
867.0100	899.1700	1.154700	-417.8100	0.0000	0.700	0.000	7.84
869.3200	901.2900	1.193100	-417.8100	38.3100	0.700	0.000	7.84
871.6100	903.4600	1.255800	-417.8100	62.7900	0.700	0.000	7.84
873.8700	905.7100	1.348400	-417.8100	92.5900	0.700	0.000	7.84
876.1600	908.0700	1.431400	-417.8100	83.0100	0.700	0.000	7.84
878.4500	910.5200	1.377200	-417.8100	-54.2800	0.700	0.000	7.84
880.7100	913.0300	1.377200	-417.8100	0.0000	0.700	0.000	7.84
882.9400	915.6300	1.167500	71.8100	-209.6500	0.700	0.000	7.84
885.0500	918.3200	0.832300	71.8100	-335.2300	0.700	0.000	7.84
887.1700	921.0300	0.536400	71.8100	-295.8500	0.700	0.000	7.84
889.3000	923.7000	0.438500	71.8100	-97.9100	0.700	0.000	7.84
891.4000	926.3700	0.392800	71.8100	-45.7600	0.700	0.000	7.84
893.5100	929.0100	0.392800	71.8100	0.0000	0.700	0.000	7.84
895.6400	931.4400	0.431100	71.8100	38.3100	0.700	0.000	7.84
897.7600	933.5300	0.592800	71.8100	161.7600	0.700	0.000	7.84
899.8100	935.3100	0.785500	71.8100	192.6200	0.700	0.000	7.84
901.8900	937.0000	0.953600	701.4800	168.1500	0.700	0.000	7.84
903.9200	938.7600	0.973800	701.4800	20.2200	0.700	0.000	7.84
905.9100	940.7100	0.973800	701.4800	0.0000	0.700	0.000	7.84
907.8900	942.9100	0.950400	701.4800	-23.4100	0.700	0.000	7.84
909.9000	945.2800	0.965300	701.4800	14.9000	0.700	0.000	7.84
912.0800	947.6300	0.854600	701.4800	-110.6800	0.700	0.000	7.84
914.2900	949.8900	0.640700	701.4800	-213.9100	0.700	0.000	7.84
916.5400	952.0600	0.524700	701.4800	-116.0000	0.700	0.000	7.84
918.8400	954.2500	0.524700	701.4800	0.0000	0.700	0.000	7.84
921.2300	956.5700	0.597100	701.4800	72.3700	0.700	0.000	7.84
923.6400	959.1400	0.691800	1052.2300	94.7200	0.700	0.000	7.84
926.0400	961.8900	0.690700	1052.2300	-1.0600	0.700	0.000	7.84
928.4300	964.6400	0.697100	1052.2300	6.3900	0.700	0.000	7.84
930.9400	967.2700	0.742900	1052.2300	45.7600	0.700	0.000	7.84
933.5300	969.7300	0.742900	1052.2300	0.0000	0.700	0.000	7.84
936.0700	972.0000	0.762000	1052.2300	19.1600	0.700	0.000	7.84
938.5200	974.1100	0.781200	1052.2300	19.1600	0.700	0.000	7.84
940.8700	976.0900	0.834400	1052.2300	53.2100	0.700	0.000	7.84
943.1300	978.0600	0.902500	1052.2300	68.1100	0.700	0.000	7.84
945.3200	980.1800	0.907800	29.3100	5.3200	0.700	0.000	7.84
947.4900	982.5100	0.907800	29.3100	0.0000	0.700	0.000	7.84
949.6900	985.0000	0.855700	29.3100	-52.1500	0.700	0.000	7.84
951.9200	987.6400	0.866300	29.3100	10.6400	0.700	0.000	7.84
954.2300	990.3300	0.878000	29.3100	11.7100	0.700	0.000	7.84
956.5700	993.0200	0.823800	29.3100	-54.2800	0.700	0.000	7.84
958.8800	995.6700	0.692900	29.3100	-130.9000	0.700	0.000	7.84
961.1900	998.3800	0.692900	29.3100	0.0000	0.700	0.000	7.84
963.4500	1001.1600	0.562000	29.3100	-130.9000	0.700	0.000	7.84
965.6600	1003.9500	0.680100	29.3100	118.1300	0.700	0.000	7.84
967.8500	1006.7200	1.051500	2006.3200	371.4100	0.700	0.000	7.84
969.9900	1009.3500	1.342000	2006.3200	290.5300	0.700	0.000	7.84
972.1800	1011.7800	1.333500	2006.3200	-8.5100	0.700	0.000	7.84
974.4100	1013.9600	1.333500	2006.3200	0.0000	0.700	0.000	7.84
976.7100	1015.9100	1.188800	2006.3200	-144.7300	0.700	0.000	7.84
978.9400	1017.6900	1.211100	2006.3200	22.3500	0.700	0.000	7.84
981.0900	1019.4600	1.384600	2006.3200	173.4700	0.700	0.000	7.84
983.2100	1021.4000	1.457000	2006.3200	72.3700	0.700	0.000	7.84
985.2600	1023.5900	1.312200	2006.3200	-144.7300	0.700	0.000	7.84
987.2800	1025.9800	1.312200	2006.3200	0.0000	0.700	0.000	7.84
989.3100	1028.4200	1.007900	2694.0600	-304.3700	0.700	0.000	7.84
991.4200	1030.8300	0.700300	2694.0600	-307.5600	0.700	0.000	7.84
993.6600	1033.2000	0.559800	2694.0600	-140.4800	0.700	0.000	7.84
996.0300	1035.5800	0.627900	2694.0600	68.1100	0.700	0.000	7.84
998.4800	1038.0700	0.627900	2694.0600	0.0000	0.700	0.000	7.84
1001.0000	1040.6400	0.804600	2694.0600	176.6600	0.700	0.000	7.84
1003.4900	1043.2700	1.048300	2694.0600	243.7100	0.700	0.000	7.84
1006.0000	1045.9800	1.280300	2694.0600	232.0000	0.700	0.000	7.84
1008.5300	1048.7000	1.383500	2694.0600	103.2300	0.700	0.000	7.84
1011.1100	1051.2900	1.356900	-788.9100	-26.6100	0.700	0.000	7.84
1013.6800	1053.7000	1.356900	-788.9100	0.0000	0.700	0.000	7.84
1016.2500	1055.9600	1.309100	-788.9100	-47.8900	0.700	0.000	7.84
1018.7200	1058.1100	1.322900	-788.9100	13.8300	0.700	0.000	7.84
1021.1200	1060.2200	1.346300	-788.9100	23.4100	0.700	0.000	7.84
1023.4900	1062.3600	1.359100	-788.9100	12.7700	0.700	0.000	7.84
1025.7800	1064.5100	1.424000	-788.9100	64.9200	0.700	0.000	7.84
1028.0000	1066.8000	1.424000	-788.9100	0.0000	0.700	0.000	7.84
1030.2500	1069.2800	1.500600	-788.9100	76.6200	0.700	0.000	7.84
1032.4600	1071.8500	1.398400	-788.9100	-102.1700	0.700	0.000	7.84
1034.6200	1074.4400	1.101500	232.2200	-296.9200	0.700	0.000	7.84
1036.8300	1077.1300	0.858900	232.2200	-242.6400	0.700	0.000	7.84
1039.0600	1079.9100	0.773700	232.2200	-85.1400	0.700	0.000	7.84
1041.3400	1082.6600	0.773700	232.2200	0.0000	0.700	0.000	7.84
1043.6300	1085.4300	0.787600	232.2200	13.8300	0.700	0.000	7.84
1045.9000	1088.2200	0.816300	232.2200	28.7300	0.700	0.000	7.84
1048.2000	1090.9300	0.812100	232.2200	-4.2600	0.700	0.000	7.84
1050.4500	1093.4900	0.808900	232.2200	-3.1900	0.700	0.000	7.84
1052.6500	1095.8800	0.862100	232.2200	53.2100	0.700	0.000	7.84
1054.8400	1098.1100	0.862100	232.2200	0.0000	0.700	0.000	7.84
1057.0100	1100.1700	0.906800	-1655.6100	44.7000	0.700	0.000	7.84
1059.2100	1102.1000	0.866300	-1655.6100	-40.4400	0.700	0.000	7.84
1061.3400	1103.9800	0.889700	-1655.6100	23.4100	0.700	0.000	7.84
1063.4500	1105.8300	0.929100	-1655.6100	39.3800	0.700	0.000	7.84
1065.6300	1107.7800	0.892900	-1655.6100	-36.1800	0.700	0.000	7.84
1067.8200	1109.9000	0.892900	-1655.6100	0.0000	0.700	0.000	7.84
1070.0100	1112.2300	0.928100	-1655.6100	35.1200	0.700	0.000	7.84
1072.2100	1114.7000	0.964200	-1655.6100	36.1800	0.700	0.000	7.84
1074.4000	1117.2600	0.905700	-1655.6100	-58.5300	0.700	0.000	7.84
1076.6000	1119.8500	0.860000	3263.2800	-45.7600	0.700	0.000	7.84
1078.8700	1122.4400	0.922700	3263.2800	62.7900	0.700	0.000	7.84
1081.3000	1125.0500	0.922700	3263.2800	0.0000	0.700	0.000	7.84
1083.7900	1127.6500	0.970600	3263.2800	47.8900	0.700	0.000	7.84
1086.2900	1130.2000	0.865300	3263.2800	-105.3600	0.700	0.000	7.84
1088.8800	1132.7100	0.771600	3263.2800	-93.6500	0.700	0.000	7.84
1091.5300	1135.1400	0.846100	3263.2800	74.5000	0.700	0.000	7.84
1094.2400	1137.4400	1.018500	3263.2800	172.4000	0.700	0.000	7.84
1096.8600	1139.6300	1.018500	3263.2800	0.0000	0.700	0.000	7.84
1099.4100	1141.7400	1.123900	3263.2800	105.3600	0.700	0.000	7.84
1101.9200	1143.8400	1.179200	1142.0200	55.3400	0.700	0.000	7.84
1104.3900	1145.9700	1.309100	1142.0200	129.8400	0.700	0.000	7.84
1106.7900	1148.1900	1.442100	1142.0200	133.0300	0.700	0.000	7.84
1109.1400	1150.5200	1.442100	1142.0200	0.0000	0.700	0.000	7.84
1111.5100	1153.0300	1.442100	1142.0200	0.0000	0.700	0.000	7.84
1113.9100	1155.7600	1.364400	1142.0200	-77.6900	0.700	0.000	7.84
1116.3200	1158.6200	1.349500	1142.0200	-14.9000	0.700	0.000	7.84
1118.7300	1161.4900	1.360100	1142.0200	10.6400	0.700	0.000	7.84
1121.1700	1164.2800	1.339900	1142.0200	-20.2200	0.700	0.000	7.84
1123.6200	1167.0100	1.344200	-423.7900	4.2600	0.700	0.000	7.84
1126.0300	1169.6800	1.344200	-423.7900	0.0000	0.700	0.000	7.84
1128.4400	1172.4200	1.320800	-423.7900	-23.4100	0.700	0.000	7.84
1130.9400	1175.2500	1.209000	-423.7900	-111.7400	0.700	0.000	7.84
1133.4500	1178.0800	1.071700	-423.7900	-137.2800	0.700	0.000	7.84
1135.8800	1180.6300	0.922700	-423.7900	-148.9900	0.700	0.000	7.84
1138.2400	1182.7100	0.831200	-423.7900	-91.5200	0.700	0.000	7.84
1140.5100	1184.5200	0.831200	-423.7900	0.0000	0.700	0.000	7.84
1142.7000	1186.1800	1.019600	-423.7900	188.3700	0.700	0.000	7.84
1144.9000	1187.9100	1.316500	-423.7900	296.9200	0.700	0.000	7.84
1147.0900	1189.9000	1.371800	766.1300	55.3400	0.700	0.000	7.84
1149.3000	1192.1600	1.302700	766.1300	-69.1700	0.700	0.000	7.84
1151.5000	1194.6300	1.302700	766.1300	0.0000	0.700	0.000	7.84
1153.6900	1197.2200	1.132400	766.1300	-170.2800	0.700	0.000	7.84
1155.9200	1199.8600	0.783300	766.1300	-349.0700	0.700	0.000	7.84
1158.1600	1202.5700	0.536400	766.1300	-246.9000	0.700	0.000	7.84
1160.4300	1205.3000	0.532200	766.1300	-4.2600	0.700	0.000	7.84
1162.7600	1208.0100	0.650300	766.1300	118.1300	0.700	0.000	7.84
1165.1600	1210.6400	0.650300	766.1300	0.0000	0.700	0.000	7.84
1167.5900	1213.1400	0.789700	766.1300	139.4100	0.700	0.000	7.84
1170.1200	1215.4900	0.862100	1034.8800	72.3700	0.700	0.000	7.84
1172.7500	1217.7200	0.819500	1034.8800	-42.5700	0.700	0.000	7.84
1175.4100	1219.9200	0.750300	1034.8800	-69.1700	0.700	0.000	7.84
1178.0400	1222.1100	0.779100	1034.8800	28.7300	0.700	0.000	7.84
1180.7300	1224.3000	0.779100	1034.8800	0.0000	0.700	0.000	7.84
1183.3800	1226.6000	0.922700	1034.8800	143.6700	0.700	0.000	7.84
1185.9800	1228.9900	1.140900	1034.8800	218.1700	0.700	0.000	7.84
1188.4500	1231.3800	1.311200	1034.8800	170.2800	0.700	0.000	7.84
1190.7800	1233.8600	1.287800	1034.8800	-23.4100	0.700	0.000	7.84
1193.0600	1236.4100	1.115400	-1231.8300	-172.4000	0.700	0.000	7.84
1195.2900	1239.2000	1.115400	-1231.8300	0.0000	0.700	0.000	7.84
1197.6000	1242.1300	0.919500	-1231.8300	-195.8200	0.700	0.000	7.84
1200.0100	1245.0800	0.842900	-1231.8300	-76.6200	0.700	0.000	7.84
1202.4900	1248.0100	0.904600	-1231.8300	61.7300	0.700	0.000	7.84
1204.9000	1250.8900	0.923800	-1231.8300	19.1600	0.700	0.000	7.84
1207.2500	1253.6400	0.808900	-1231.8300	-114.9400	0.700	0.000	7.84
1209.5500	1256.2900	0.808900	-1231.8300	0.0000	0.700	0.000	7.84
1211.8600	1258.8600	0.686500	-1231.8300	-122.3900	0.700	0.000	7.84
1214.1900	1261.3200	0.657700	-1231.8300	-28.7300	0.700	0.000	7.84
1216.4700	1263.5900	0.684400	-360.9400	26.6100	0.700	0.000	7.84
1218.7400	1265.7400	0.732200	-360.9400	47.8900	0.700	0.000	7.84
1221.0700	1267.7800	0.820600	-360.9400	88.3300	0.700	0.000	7.84
1223.4300	1269.7500	0.820600	-360.9400	0.0000	0.700	0.000	7.84
1225.7400	1271.7700	0.954700	-360.9400	134.0900	0.700	0.000	7.84
1227.9900	1273.9000	1.023800	-360.9400	69.1700	0.700	0.000	7.84
1230.2100	1276.2100	0.940800	-360.9400	-83.0100	0.700	0.000	7.84
1232.4200	1278.7000	0.800400	-360.9400	-140.4800	0.700	0.000	7.84
1234.6300	1281.3000	0.784400	-360.9400	-15.9600	0.700	0.000	7.84
1236.9100	1284.0100	0.784400	-360.9400	0.0000	0.700	0.000	7.84
1239.2400	1286.7600	0.792900	2012.9100	8.5100	0.700	0.000	7.84
1241.6100	1289.5100	0.685400	2012.9100	-107.4900	0.700	0.000	7.84
1244.0100	1292.2500	0.606700	2012.9100	-78.7500	0.700	0.000	7.84
1246.4200	1294.8600	0.663100	2012.9100	56.4000	0.700	0.000	7.84
1248.8900	1297.3100	0.768400	2012.9100	105.3600	0.700	0.000	7.84
1251.4600	1299.5800	0.768400	2012.9100	0.0000	0.700	0.000	7.84
1254.0800	1301.7800	0.813100	2012.9100	44.7000	0.700	0.000	7.84
1256.7700	1303.9700	0.830200	2012.9100	17.0300	0.700	0.000	7.84
1259.4800	1306.1800	0.879100	2012.9100	48.9500	0.700	0.000	7.84
1262.1900	1308.4800	0.968500	654.2000	89.3900	0.700	0.000	7.84
1264.8300	1310.8300	1.127100	654.2000	158.5700	0.700	0.000	7.84
1267.3400	1313.3400	1.127100	654.2000	0.0000	0.700	0.000	7.84
1269.7500	1316.0400	1.253700	654.2000	126.6400	0.700	0.000	7.84
1272.1200	1318.8500	1.200500	654.2000	-53.2100	0.700	0.000	7.84
1274.4600	1321.7200	0.987700	654.2000	-212.8500	0.700	0.000	7.84
1276.8300	1324.6100	0.847200	654.2000	-140.4800	0.700	0.000	7.84
1279.2000	1327.5200	0.866300	654.2000	19.1600	0.700	0.000	7.84
1281.5600	1330.5300	0.866300	654.2000	0.0000	0.700	0.000	7.84
1283.9500	1333.4800	0.885500	654.2000	19.1600	0.700	0.000	7.84
1286.3400	1336.4000	0.766300	73.0100	-119.1900	0.700	0.000	7.84
1288.7800	1339.1500	0.519400	73.0100	-246.9000	0.700	0.000	7.84
1291.1900	1341.6800	0.331000	73.0100	-188.3700	0.700	0.000	7.84
1293.5800	1343.9300	0.397000	73.0100	65.9800	0.700	0.000	7.84
1295.9700	1346.0300	0.397000	73.0100	0.0000	0.700	0.000	7.84
1298.3500	1348.1400	0.767400	73.0100	370.3500	0.700	0.000	7.84
1300.7000	1350.2000	1.198400	73.0100	431.0100	0.700	0.000	7.84
1303.0100	1352.2500	1.334600	73.0100	136.2200	0.700	0.000	7.84
1305.3500	1354.3400	1.175000	73.0100	-159.6300	0.700	0.000	7.84
1307.6200	1356.5600	0.981300	1497.5600	-193.6900	0.700	0.000	7.84
1309.8700	1358.9700	0.981300	1497.5600	0.0000	0.700	0.000	7.84
1312.0500	1361.4600	0.801400	1497.5600	-179.8500	0.700	0.000	7.84
1314.2200	1364.0200	0.678000	1497.5600	-123.4500	0.700	0.000	7.84
1316.4300	1366.6300	0.672600	1497.5600	-5.3200	0.700	0.000	7.84
1318.6700	1369.3400	0.633300	1497.5600	-39.3800	0.700	0.000	7.84
1320.9800	1372.0700	0.573700	1497.5600	-59.6000	0.700	0.000	7.84
1323.4500	1374.7800	0.573700	1497.5600	0.0000	0.700	0.000	7.84
1326.0700	1377.4200	0.573700	1497.5600	0.0000	0.700	0.000	7.84
1328.7600	1379.9300	0.534300	1497.5600	-39.3800	0.700	0.000	7.84
1331.4900	1382.3200	0.441700	52.6500	-92.5900	0.700	0.000	7.84
1334.2000	1384.5600	0.422600	52.6500	-19.1600	0.700	0.000	7.84
1336.8800	1386.6700	0.550300	52.6500	127.7100	0.700	0.000	7.84
1339.5500	1388.7800	0.550300	52.6500	0.0000	0.700	0.000	7.84
1342.2400	1390.9800	0.688600	52.6500	138.3500	0.700	0.000	7.84
1344.9100	1393.3100	0.726900	52.6500	38.3100	0.700	0.000	7.84
1347.5000	1395.7600	0.752500	52.6500	25.5400	0.700	0.000	7.84
1350.0000	1398.4200	0.846100	52.6500	93.6500	0.700	0.000	7.84
1352.4100	1401.1900	0.846100	52.6500	0.0000	0.700	0.000	7.84
1354.8000	1404.0000	0.977000	52.6500	130.9000	0.700	0.000	7.84
1357.2200	1406.7900	1.056800	1378.4400	79.8200	0.700	0.000	7.84
1359.6700	1409.5600	1.024900	1378.4400	-31.9300	0.700	0.000	7.84
1362.1200	1412.2700	0.953600	1378.4400	-71.3000	0.700	0.000	7.84
1364.6100	1415.0500	0.954700	1378.4400	1.0600	0.700	0.000	7.84
1367.2100	1417.8600	0.954700	1378.4400	0.0000	0.700	0.000	7.84
1369.8400	1420.6100	0.974900	1378.4400	20.2200	0.700	0.000	7.84
1372.4100	1423.2600	0.925900	1378.4400	-48.9500	0.700	0.000	7.84
1374.9200	1425.8000	0.916400	1378.4400	-9.5800	0.700	0.000	7.84
1377.3600	1428.1300	0.953600	1378.4400	37.2500	0.700	0.000	7.84
1379.7700	1430.2800	1.008900	3637.9700	55.3400	0.700	0.000	7.84
1382.1600	1432.3200	1.008900	3637.9700	0.0000	0.700	0.000	7.84
1384.5800	1434.4300	1.180300	3637.9700	171.3400	0.700	0.000	7.84
1386.9300	1436.7000	1.365500	3637.9700	185.1800	0.700	0.000	7.84
1389.2200	1439.1200	1.444200	3637.9700	78.7500	0.700	0.000	7.84
1391.5600	1441.6900	1.410200	3637.9700	-34.0600	0.700	0.000	7.84
1393.8900	1444.4000	1.328200	3637.9700	-81.9500	0.700	0.000	7.84
1396.2200	1447.1900	1.328200	3637.9700	0.0000	0.700	0.000	7.84
1398.5700	1450.0800	1.184500	3637.9700	-143.6700	0.700	0.000	7.84
1400.9300	1453.0200	0.911000	3637.9700	-273.5100	0.700	0.000	7.84
1403.3200	1455.9300	0.712000	2202.6500	-199.0100	0.700	0.000	7.84
1405.8100	1458.7000	0.703500	2202.6500	-8.5100	0.700	0.000	7.84
1408.3900	1461.2900	0.742900	2202.6500	39.3800	0.700	0.000	7.84
1411.0200	1463.7000	0.742900	2202.6500	0.0000	0.700	0.000	7.84
1413.6900	1466.0200	0.847200	2202.6500	104.2900	0.700	0.000	7.84
1416.3800	1468.2500	1.053600	2202.6500	206.4600	0.700	0.000	7.84
1419.1100	1470.5000	1.227100	2202.6500	173.4700	0.700	0.000	7.84
1421.8700	1472.8200	1.240900	2202.6500	13.8300	0.700	0.000	7.84
1424.6200	1475.2700	1.147300	2202.6500	-93.6500	0.700	0.000	7.84
1427.2900	1477.8600	1.147300	2202.6500	0.0000	0.700	0.000	7.84
1429.8400	1480.6200	1.082400	-1296.4800	-64.9200	0.700	0.000	7.84
1432.3600	1483.5100	1.004700	-1296.4800	-77.6900	0.700	0.000	7.84
1434.7900	1486.4800	0.861000	-1296.4800	-143.6700	0.700	0.000	7.84
1437.1800	1489.4700	0.731200	-1296.4800	-129.8400	0.700	0.000	7.84
1439.5200	1492.4400	0.671600	-1296.4800	-59.6000	0.700	0.000	7.84
1441.8500	1495.3500	0.671600	-1296.4800	0.0000	0.700	0.000	7.84
1444.0400	1498.3200	0.567300	-1296.4800	-104.2900	0.700	0.000	7.84
1445.8800	1501.3300	0.245900	-1296.4800	-321.4000	0.700	0.000	7.84
1447.7300	1504.1500	-0.183000	-1296.4800	-428.8800	0.700	0.000	7.84
1449.7900	1506.4200	-0.093600	-1416.7900	89.3900	0.700	0.000	7.84
1452.0600	1508.2700	1.057900	-1416.7900	1151.4900	0.700	0.000	7.84
1454.4500	1509.9900	1.057900	-1416.7900	0.0000	0.700	0.000	7.84
1456.8200	1511.9400	2.762800	-1416.7900	1704.8900	0.700	0.000	7.84
1459.1400	1514.3000	3.845100	-1416.7900	1082.3200	0.700	0.000	7.84
1461.3500	1516.9700	3.746100	-1416.7900	-98.9700	0.700	0.000	7.84
1463.3500	1519.6600	2.819200	-1416.7900	-926.9400	0.700	0.000	7.84
1465.2200	1522.1300	1.619800	-1416.7900	-1199.3800	0.700	0.000	7.84
1467.2700	1524.6300	1.619800	-1416.7900	0.0000	0.700	0.000	7.84
1469.4900	1527.2600	0.841900	-1416.7900	-777.9500	0.700	0.000	7.84
1471.7400	1530.0100	0.831200	429.1400	-10.6400	0.700	0.000	7.84
1473.9900	1532.7800	1.183500	429.1400	352.2600	0.700	0.000	7.84
1476.2100	1535.6100	1.342000	429.1400	158.5700	0.700	0.000	7.84
1478.4000	1538.4100	1.281400	429.1400	-60.6600	0.700	0.000	7.84
1480.6400	1541.0800	1.281400	429.1400	0.0000	0.700	0.000	7.84
1482.7900	1543.5100	1.312200	429.1400	30.8600	0.700	0.000	7.84
1484.9200	1545.7400	1.419700	429.1400	107.4900	0.700	0.000	7.84
1487.0800	1547.9000	1.618700	429.1400	199.0100	0.700	0.000	7.84
1489.2900	1550.2300	1.778400	429.1400	159.6300	0.700	0.000	7.84
1491.5800	1552.7800	1.562300	-3146.6000	-216.0400	0.700	0.000	7.84
1493.9600	1555.4200	1.562300	-3146.6000	0.0000	0.700	0.000	7.84
1496.4500	1558.0900	1.099400	-3146.6000	-462.9400	0.700	0.000	7.84
1499.0400	1560.8000	0.904600	-3146.6000	-194.7500	0.700	0.000	7.84
1501.7300	1563.6300	1.217500	-3146.6000	312.8800	0.700	0.000	7.84
1504.4300	1566.6200	1.686900	-3146.6000	469.3200	0.700	0.000	7.84
1507.0400	1569.7700	1.865600	-3146.6000	178.7900	0.700	0.000	7.84
1509.5300	1572.9500	1.865600	-3146.6000	0.0000	0.700	0.000	7.84
1511.8600	1576.0400	1.722000	-3146.6000	-143.6700	0.700	0.000	7.84
1514.0800	1578.9100	1.528300	-3146.6000	-193.6900	0.700	0.000	7.84
1516.2900	1581.5800	1.501700	-1625.0800	-26.6100	0.700	0.000	7.84
1518.5600	1584.0900	1.651700	-1625.0800	150.0600	0.700	0.000	7.84
1520.8800	1586.6300	1.784800	-1625.0800	133.0300	0.700	0.000	7.84
1523.1900	1589.2800	1.784800	-1625.0800	0.0000	0.700	0.000	7.84
1525.5200	1591.9700	1.736900	-1625.0800	-47.8900	0.700	0.000	7.84
1527.8400	1594.6200	1.586800	-1625.0800	-150.0600	0.700	0.000	7.84
1530.2100	1597.2300	1.546400	-1625.0800	-40.4400	0.700	0.000	7.84
1532.6200	1599.8300	1.599600	-1625.0800	53.2100	0.700	0.000	7.84
1535.0400	1602.4600	1.599600	-1625.0800	0.0000	0.700	0.000	7.84
1537.4700	1605.1900	1.561300	-1625.0800	-38.3100	0.700	0.000	7.84
1539.9600	1608.0800	1.438900	839.7500	-122.3900	0.700	0.000	7.84
1542.4900	1611.1100	1.387800	839.7500	-51.0800	0.700	0.000	7.84
1544.9900	1614.1700	1.576200	839.7500	188.3700	0.700	0.000	7.84
1547.4400	1616.9200	1.939100	839.7500	362.9000	0.700	0.000	7.84
1549.9700	1619.3900	1.939100	839.7500	0.0000	0.700	0.000	7.84
1552.4900	1621.7600	2.303000	839.7500	363.9700	0.700	0.000	7.84
1554.9800	1624.2000	2.792600	839.7500	489.5400	0.700	0.000	7.84
1557.4300	1626.7100	3.305500	839.7500	512.9600	0.700	0.000	7.84
1559.8600	1629.3400	3.419400	839.7500	113.8700	0.700	0.000	7.84
1562.2800	1631.9900	3.060800	3015.4800	-358.6400	0.700	0.000	7.84
1564.7300	1634.6300	3.060800	3015.4800	0.0000	0.700	0.000	7.84
1567.2000	1637.1600	2.758500	3015.4800	-302.2400	0.700	0.000	7.84
1569.6800	1639.5700	2.875600	3015.4800	117.0600	0.700	0.000	7.84
1572.2700	1642.0200	3.194900	3015.4800	319.2700	0.700	0.000	7.84
1575.0000	1644.7400	3.455600	3015.4800	260.7400	0.700	0.000	7.84
1577.8700	1647.6900	3.565200	3015.4800	109.6200	0.700	0.000	7.84
1580.8600	1650.8400	3.565200	3015.4800	0.0000	0.700	0.000	7.84
1583.8100	1654.0100	3.495000	3015.4800	-70.2400	0.700	0.000	7.84
1586.6500	1657.1400	3.310900	3015.4800	-184.1100	0.700	0.000	7.84
1589.3600	1660.1900	3.332100	1781.2700	21.2800	0.700	0.000	7.84
1591.8300	1663.1000	3.581200	1781.2700	249.0300	0.700	0.000	7.84
1594.1600	1666.0100	3.525800	1781.2700	-55.3400	0.700	0.000	7.84
1596.4400	1668.8300	3.525800	1781.2700	0.0000	0.700	0.000	7.84
1598.7500	1671.4200	3.016100	1781.2700	-509.7600	0.700	0.000	7.84
1601.0600	1673.7700	2.511600	1781.2700	-504.4400	0.700	0.000	7.84
1603.4400	1675.9000	2.172100	1781.2700	-339.4900	0.700	0.000	7.84
1605.8100	1678.0000	2.051900	1781.2700	-120.2600	0.700	0.000	7.84
1608.1600	1680.1700	2.349900	1781.2700	297.9800	0.700	0.000	7.84
1610.5200	1682.5300	2.349900	1781.2700	0.0000	0.700	0.000	7.84
1612.9300	1685.1600	2.887300	-79.6300	537.4300	0.700	0.000	7.84
1615.3800	1687.9700	3.062900	-79.6300	175.6000	0.700	0.000	7.84
1617.8500	1690.8400	2.598900	-79.6300	-464.0000	0.700	0.000	7.84
1620.3300	1693.7300	1.981600	-79.6300	-617.2500	0.700	0.000	7.84
1622.8600	1696.7200	1.800700	-79.6300	-180.9200	0.700	0.000	7.84
1625.4100	1699.7800	1.800700	-79.6300	0.0000	0.700	0.000	7.84
1627.9200	1702.7300	2.094500	-79.6300	293.7300	0.700	0.000	7.84
1630.3800	1705.4800	2.385000	-79.6300	290.5300	0.700	0.000	7.84
1632.8100	1708.0100	2.302000	-79.6300	-83.0100	0.700	0.000	7.84
1635.2000	1710.3600	2.041200	-1318.0300	-260.7400	0.700	0.000	7.84
1637.6000	1712.7200	2.005100	-1318.0300	-36.1800	0.700	0.000	7.84
1640.0500	1715.1100	2.005100	-1318.0300	0.0000	0.700	0.000	7.84
1642.4800	1717.5600	2.166800	-1318.0300	161.7600	0.700	0.000	7.84
1644.9000	1720.0800	2.252000	-1318.0300	85.1400	0.700	0.000	7.84
1647.3100	1722.7100	2.209400	-1318.0300	-42.5700	0.700	0.000	7.84
1649.8200	1725.5400	2.134900	-1318.0300	-74.5000	0.700	0.000	7.84
1652.3900	1728.5100	2.063600	-1318.0300	-71.3000	0.700	0.000	7.84
1655.0100	1731.6000	2.063600	-1318.0300	0.0000	0.700	0.000	7.84
1657.5800	1734.6300	1.951800	-1318.0300	-111.7400	0.700	0.000	7.84
1660.1700	1737.6000	1.860300	-1722.6500	-91.5200	0.700	0.000	7.84
1662.8400	1740.5000	1.872000	-1722.6500	11.7100	0.700	0.000	7.84
1665.5400	1743.4100	1.876300	-1722.6500	4.2600	0.700	0.000	7.84
1668.2300	1746.3000	1.727300	-1722.6500	-148.9900	0.700	0.000	7.84
1670.8800	1749.0700	1.727300	-1722.6500	0.0000	0.700	0.000	7.84
1673.3900	1751.6000	1.502700	-1722.6500	-224.5500	0.700	0.000	7.84
1675.8600	1753.9600	1.375000	-1722.6500	-127.7100	0.700	0.000	7.84
1678.3200	1756.1700	1.310100	-1722.6500	-64.9200	0.700	0.000	7.84
1680.7100	1758.2800	1.161100	-1722.6500	-148.9900	0.700	0.000	7.84
1683.0000	1760.4000	1.061100	266.9400	-100.0400	0.700	0.000	7.84
1685.2800	1762.6300	1.061100	266.9400	0.0000	0.700	0.000	7.84
1687.5900	1765.0400	1.229200	266.9400	168.1500	0.700	0.000	7.84
1689.9600	1767.6200	1.518700	266.9400	289.4700	0.700	0.000	7.84
1692.3800	1770.2900	1.598500	266.9400	79.8200	0.700	0.000	7.84
1694.8300	1773.0400	1.449500	266.9400	-148.9900	0.700	0.000	7.84
1697.3600	1775.8900	1.325000	266.9400	-124.5100	0.700	0.000	7.84
1699.8500	1778.7600	1.325000	266.9400	0.0000	0.700	0.000	7.84
1702.3500	1781.6000	1.344200	266.9400	19.1600	0.700	0.000	7.84
1704.8600	1784.3100	1.414400	266.9400	70.2400	0.700	0.000	7.84
1707.3700	1786.8800	1.416500	1784.8600	2.1300	0.700	0.000	7.84
1709.8700	1789.3100	1.303700	1784.8600	-112.8100	0.700	0.000	7.84
1712.3000	1791.6500	1.169600	1784.8600	-134.0900	0.700	0.000	7.84
1714.6900	1793.9800	1.169600	1784.8600	0.0000	0.700	0.000	7.84
1717.0400	1796.3900	1.216500	1784.8600	46.8300	0.700	0.000	7.84
1719.4400	1798.9300	1.470800	1784.8600	254.3500	0.700	0.000	7.84
1721.8300	1801.5600	1.699600	1784.8600	228.8100	0.700	0.000	7.84
1724.1800	1804.2900	1.715600	1784.8600	15.9600	0.700	0.000	7.84
1726.5600	1806.9800	1.715600	1784.8600	0.0000	0.700	0.000	7.84
1728.9500	1809.7300	1.674100	1784.8600	-41.5000	0.700	0.000	7.84
1731.4800	1812.5500	1.781600	2628.8200	107.4900	0.700	0.000	7.84
1734.1500	1815.4000	2.023100	2628.8200	241.5800	0.700	0.000	7.84
1736.8900	1818.3500	2.223200	2628.8200	200.0700	0.700	0.000	7.84
1739.6200	1821.3000	2.277500	2628.8200	54.2800	0.700	0.000	7.84
1742.2900	1824.1500	2.277500	2628.8200	0.0000	0.700	0.000	7.84
1744.9400	1826.9600	2.259400	2628.8200	-18.0900	0.700	0.000	7.84
1747.6600	1829.7400	2.217900	2628.8200	-41.5000	0.700	0.000	7.84
1750.4300	1832.4300	2.159400	2628.8200	-58.5300	0.700	0.000	7.84
1753.1400	1834.9400	2.110400	2628.8200	-48.9500	0.700	0.000	7.84
1755.7500	1837.3500	2.130600	1860.2800	20.2200	0.700	0.000	7.84
1758.3600	1839.7300	2.130600	1860.2800	0.0000	0.700	0.000	7.84
1760.9000	1842.0600	2.158300	1860.2800	27.6700	0.700	0.000	7.84
1763.3500	1844.4100	2.134900	1860.2800	-23.4100	0.700	0.000	7.84
1765.7200	1846.8500	2.099800	1860.2800	-35.1200	0.700	0.000	7.84
1768.1000	1849.4200	2.145500	1860.2800	45.7600	0.700	0.000	7.84
1770.5300	1852.1100	2.264700	1860.2800	119.1900	0.700	0.000	7.84
1772.9800	1854.9000	2.264700	1860.2800	0.0000	0.700	0.000	7.84
1775.4500	1857.8100	2.153000	1860.2800	-111.7400	0.700	0.000	7.84
1777.9500	1860.7600	1.806000	1860.2800	-346.9400	0.700	0.000	7.84
1780.4800	1863.6600	1.568700	-16.7800	-237.3200	0.700	0.000	7.84
1783.0300	1866.4700	1.525100	-16.7800	-43.6300	0.700	0.000	7.84
1785.5400	1869.1600	1.521900	-16.7800	-3.1900	0.700	0.000	7.84
1788.0600	1871.7100	1.521900	-16.7800	0.0000	0.700	0.000	7.84
1790.5900	1874.1500	1.517600	-16.7800	-4.2600	0.700	0.000	7.84
1793.1600	1876.4800	1.558100	-16.7800	40.4400	0.700	0.000	7.84
