# SYSID BEGIN dir=0 duty=0.200 samples=1000 dt=0.001 vbat=7.66
# enc[0]	enc[1]	gyro.z	accel.y	angular_accel	u.tra	u.rot	vbat
0.0000	0.0000	-0.001300	8.6300	-1.0600	0.200	0.000	7.66
0.0000	0.0000	-0.002300	8.6300	-1.0600	0.200	0.000	7.66
0.0000	0.0000	-0.001300	8.6300	1.0600	0.200	0.000	7.66
0.0000	0.0400	0.000800	33.7600	2.1300	0.200	0.000	7.66
0.0000	0.1000	0.000800	33.7600	0.0000	0.200	0.000	7.66
0.0000	0.1800	0.016800	33.7600	15.9600	0.200	0.000	7.66
0.0800	0.2400	0.071100	33.7600	54.2800	0.200	0.000	7.66
0.2200	0.3000	0.161500	33.7600	90.4600	0.200	0.000	7.66
0.3400	0.3600	0.233900	33.7600	72.3700	0.200	0.000	7.66
0.4800	0.4000	0.221100	33.7600	-12.7700	0.200	0.000	7.66
0.5800	0.4600	0.221100	33.7600	0.0000	0.200	0.000	7.66
0.6600	0.5000	0.162600	33.7600	-58.5300	0.200	0.000	7.66
0.7600	0.5800	0.076400	33.7600	-86.2000	0.200	0.000	7.66
0.8600	0.6600	-0.029000	5414.7300	-105.3600	0.200	0.000	7.66
0.9600	0.7400	-0.057700	5414.7300	-28.7300	0.200	0.000	7.66
1.0800	0.8600	-0.033200	5414.7300	24.4800	0.200	0.000	7.66
1.1800	0.9600	-0.033200	5414.7300	0.0000	0.200	0.000	7.66
1.2800	1.1000	-0.051300	5414.7300	-18.0900	0.200	0.000	7.66
1.4200	1.2200	-0.106600	5414.7300	-55.3400	0.200	0.000	7.66
1.5400	1.3400	-0.113000	5414.7300	-6.3900	0.200	0.000	7.66
1.6800	1.4600	-0.043800	5414.7300	69.1700	0.200	0.000	7.66
1.8100	1.6000	0.037000	5414.7300	80.8800	0.200	0.000	7.66
1.9900	1.7300	0.037000	5414.7300	0.0000	0.200	0.000	7.66
2.1500	1.8700	0.076400	5490.1500	39.3800	0.200	0.000	7.66
2.3300	1.9900	0.079600	5490.1500	3.1900	0.200	0.000	7.66
2.5100	2.1300	0.065800	5490.1500	-13.8300	0.200	0.000	7.66
2.6900	2.2900	0.034900	5490.1500	-30.8600	0.200	0.000	7.66
2.8900	2.4500	-0.015100	5490.1500	-50.0200	0.200	0.000	7.66
3.0700	2.6100	-0.015100	5490.1500	0.0000	0.200	0.000	7.66
3.2700	2.7700	-0.069400	5490.1500	-54.2800	0.200	0.000	7.66
3.4300	2.9300	-0.123700	5490.1500	-54.2800	0.200	0.000	7.66
3.6100	3.1100	-0.189600	5490.1500	-65.9800	0.200	0.000	7.66
3.7700	3.2900	-0.252400	4343.9300	-62.7900	0.200	0.000	7.66
3.9500	3.5100	-0.282200	4343.9300	-29.8000	0.200	0.000	7.66
4.1500	3.7500	-0.282200	4343.9300	0.0000	0.200	0.000	7.66
4.3500	3.9700	-0.269500	4343.9300	12.7700	0.200	0.000	7.66
4.5500	4.2300	-0.213100	4343.9300	56.4000	0.200	0.000	7.66
4.7900	4.4500	-0.116200	4343.9300	96.8400	0.200	0.000	7.66
5.0100	4.6700	-0.009800	4343.9300	106.4200	0.200	0.000	7.66
5.2000	4.8700	0.056200	4343.9300	65.9800	0.200	0.000	7.66
5.4000	5.0900	0.056200	4343.9300	0.0000	0.200	0.000	7.66
5.6200	5.3200	0.055100	4343.9300	-1.0600	0.200	0.000	7.66
5.8200	5.5800	0.006200	4772.4900	-48.9500	0.200	0.000	7.66
6.0600	5.8600	-0.044900	4772.4900	-51.0800	0.200	0.000	7.66
6.3000	6.1600	-0.060900	4772.4900	-15.9600	0.200	0.000	7.66
6.5600	6.4200	-0.020400	4772.4900	40.4400	0.200	0.000	7.66
6.8200	6.6600	-0.020400	4772.4900	0.0000	0.200	0.000	7.66
7.0600	6.9000	0.065800	4772.4900	86.2000	0.200	0.000	7.66
7.3200	7.1600	0.130700	4772.4900	64.9200	0.200	0.000	7.66
7.5800	7.4600	0.109400	4772.4900	-21.2800	0.200	0.000	7.66
7.8400	7.7800	0.022100	4772.4900	-87.2700	0.200	0.000	7.66
8.1000	8.1200	-0.048100	4605.4900	-70.2400	0.200	0.000	7.66
8.3800	8.4600	-0.048100	4605.4900	0.0000	0.200	0.000	7.66
8.6500	8.8100	-0.044900	4605.4900	3.1900	0.200	0.000	7.66
8.9500	9.1300	0.024300	4605.4900	69.1700	0.200	0.000	7.66
9.2500	9.4500	0.110500	4605.4900	86.2000	0.200	0.000	7.66
9.5700	9.8100	0.178600	4605.4900	68.1100	0.200	0.000	7.66
9.8900	10.1700	0.178600	4605.4900	0.0000	0.200	0.000	7.66
10.2100	10.5300	0.212600	4605.4900	34.0600	0.200	0.000	7.66
10.5300	10.8700	0.210500	4605.4900	-2.1300	0.200	0.000	7.66
10.8500	11.2300	0.209400	4605.4900	-1.0600	0.200	0.000	7.66
11.1500	11.6100	0.215800	5141.2000	6.3900	0.200	0.000	7.66
11.4500	12.0000	0.193500	5141.2000	-22.3500	0.200	0.000	7.66
11.7900	12.4200	0.193500	5141.2000	0.0000	0.200	0.000	7.66
12.1200	12.8400	0.145600	5141.2000	-47.8900	0.200	0.000	7.66
12.4600	13.2200	0.107300	5141.2000	-38.3100	0.200	0.000	7.66
12.8000	13.5800	0.123200	5141.2000	15.9600	0.200	0.000	7.66
13.1200	13.9400	0.202000	5141.2000	78.7500	0.200	0.000	7.66
13.5000	14.3800	0.288200	5141.2000	86.2000	0.200	0.000	7.66
13.8800	14.8400	0.288200	5141.2000	0.0000	0.200	0.000	7.66
14.2800	15.3000	0.294600	5141.2000	6.3900	0.200	0.000	7.66
14.6600	15.7100	0.221100	5062.1900	-73.4300	0.200	0.000	7.66
15.0400	16.1100	0.179600	5062.1900	-41.5000	0.200	0.000	7.66
15.4100	16.5500	0.223300	5062.1900	43.6300	0.200	0.000	7.66
15.7900	17.0100	0.294600	5062.1900	71.3000	0.200	0.000	7.66
16.1900	17.4300	0.294600	5062.1900	0.0000	0.200	0.000	7.66
16.5700	17.8300	0.329700	5062.1900	35.1200	0.200	0.000	7.66
16.9700	18.2700	0.336100	5062.1900	6.3900	0.200	0.000	7.66
17.3900	18.7100	0.361600	5062.1900	25.5400	0.200	0.000	7.66
17.8300	19.1400	0.382900	5062.1900	21.2800	0.200	0.000	7.66
18.2500	19.5800	0.386100	3640.0300	3.1900	0.200	0.000	7.66
18.6500	20.0200	0.386100	3640.0300	0.0000	0.200	0.000	7.66
19.0600	20.4800	0.415900	3640.0300	29.8000	0.200	0.000	7.66
19.4800	20.9400	0.459500	3640.0300	43.6300	0.200	0.000	7.66
19.9000	21.3400	0.455300	3640.0300	-4.2600	0.200	0.000	7.66
20.3400	21.7400	0.429700	3640.0300	-25.5400	0.200	0.000	7.66
20.7400	22.1600	0.438200	3640.0300	8.5100	0.200	0.000	7.66
21.1600	22.5900	0.438200	3640.0300	0.0000	0.200	0.000	7.66
21.6000	23.0100	0.425500	3640.0300	-12.7700	0.200	0.000	7.66
22.0600	23.4300	0.363700	3640.0300	-61.7300	0.200	0.000	7.66
22.4900	23.8900	0.326500	4205.0600	-37.2500	0.200	0.000	7.66
22.9100	24.3700	0.331800	4205.0600	5.3200	0.200	0.000	7.66
23.3500	24.8300	0.355200	4205.0600	23.4100	0.200	0.000	7.66
23.8300	25.2900	0.355200	4205.0600	0.0000	0.200	0.000	7.66
24.2900	25.7000	0.381800	4205.0600	26.6100	0.200	0.000	7.66
24.7300	26.1400	0.397800	4205.0600	15.9600	0.200	0.000	7.66
25.2100	26.5600	0.411600	4205.0600	13.8300	0.200	0.000	7.66
25.7000	27.0200	0.422300	4205.0600	10.6400	0.200	0.000	7.66
26.1800	27.5200	0.428700	4205.0600	6.3900	0.200	0.000	7.66
26.6400	27.9800	0.428700	4205.0600	0.0000	0.200	0.000	7.66
27.1200	28.4200	0.440400	4098.5200	11.7100	0.200	0.000	7.66
27.6200	28.8800	0.444600	4098.5200	4.2600	0.200	0.000	7.66
28.1400	29.3700	0.438200	4098.5200	-6.3900	0.200	0.000	7.66
28.6200	29.9100	0.430800	4098.5200	-7.4500	0.200	0.000	7.66
29.1300	30.4300	0.423300	4098.5200	-7.4500	0.200	0.000	7.66
29.6500	30.9700	0.423300	4098.5200	0.0000	0.200	0.000	7.66
30.1700	31.5100	0.418000	4098.5200	-5.3200	0.200	0.000	7.66
30.7100	32.0500	0.430800	4098.5200	12.7700	0.200	0.000	7.66
31.2700	32.6000	0.463800	4098.5200	32.9900	0.200	0.000	7.66
31.8100	33.1800	0.491500	3997.3700	27.6700	0.200	0.000	7.66
32.3300	33.7400	0.492500	3997.3700	1.0600	0.200	0.000	7.66
32.8400	34.2600	0.492500	3997.3700	0.0000	0.200	0.000	7.66
33.4000	34.7600	0.497800	3997.3700	5.3200	0.200	0.000	7.66
33.9800	35.3400	0.520200	3997.3700	22.3500	0.200	0.000	7.66
34.5600	35.9200	0.525500	3997.3700	5.3200	0.200	0.000	7.66
35.1600	36.5500	0.489300	3997.3700	-36.1800	0.200	0.000	7.66
35.7400	37.2500	0.418000	3997.3700	-71.3000	0.200	0.000	7.66
36.3300	37.8900	0.418000	3997.3700	0.0000	0.200	0.000	7.66
36.9100	38.5500	0.349900	3997.3700	-68.1100	0.200	0.000	7.66
37.5100	39.1900	0.345700	2952.8900	-4.2600	0.200	0.000	7.66
38.0900	39.8200	0.405300	2952.8900	59.6000	0.200	0.000	7.66
38.7100	40.4400	0.441400	2952.8900	36.1800	0.200	0.000	7.66
39.2900	41.1200	0.441400	2952.8900	0.0000	0.200	0.000	7.66
39.9000	41.8200	0.420200	2952.8900	-21.2800	0.200	0.000	7.66
40.5200	42.4600	0.389300	2952.8900	-30.8600	0.200	0.000	7.66
41.1600	43.1500	0.345700	2952.8900	-43.6300	0.200	0.000	7.66
41.8200	43.8700	0.303100	2952.8900	-42.5700	0.200	0.000	7.66
42.4800	44.5900	0.327600	2952.8900	24.4800	0.200	0.000	7.66
43.1300	45.2900	0.327600	2952.8900	0.0000	0.200	0.000	7.66
43.8100	46.0700	0.371200	4045.8500	43.6300	0.200	0.000	7.66
44.4900	46.8200	0.370100	4045.8500	-1.0600	0.200	0.000	7.66
45.1700	47.5600	0.329700	4045.8500	-40.4400	0.200	0.000	7.66
45.8700	48.3400	0.272200	4045.8500	-57.4700	0.200	0.000	7.66
46.5800	49.1600	0.256300	4045.8500	-15.9600	0.200	0.000	7.66
47.3000	49.9900	0.256300	4045.8500	0.0000	0.200	0.000	7.66
48.0400	50.7900	0.306300	4045.8500	50.0200	0.200	0.000	7.66
48.7800	51.6300	0.363700	4045.8500	57.4700	0.200	0.000	7.66
49.4800	52.4900	0.355200	4045.8500	-8.5100	0.200	0.000	7.66
50.1500	53.3000	0.342500	3210.2700	-12.7700	0.200	0.000	7.66
50.8700	54.1200	0.360600	3210.2700	18.0900	0.200	0.000	7.66
51.5500	54.9600	0.360600	3210.2700	0.0000	0.200	0.000	7.66
52.2100	55.7600	0.341400	3210.2700	-19.1600	0.200	0.000	7.66
52.8900	56.5900	0.282900	3210.2700	-58.5300	0.200	0.000	7.66
53.5800	57.3900	0.257300	3210.2700	-25.5400	0.200	0.000	7.66
54.2400	58.1500	0.307300	3210.2700	50.0200	0.200	0.000	7.66
54.9200	58.9300	0.362700	3210.2700	55.3400	0.200	0.000	7.66
55.6000	59.7100	0.362700	3210.2700	0.0000	0.200	0.000	7.66
56.2800	60.4600	0.374400	3210.2700	11.7100	0.200	0.000	7.66
56.9900	61.1800	0.311600	3443.7100	-62.7900	0.200	0.000	7.66
57.7100	61.9000	0.273300	3443.7100	-38.3100	0.200	0.000	7.66
58.4500	62.5600	0.358400	3443.7100	85.1400	0.200	0.000	7.66
59.1900	63.1800	0.470200	3443.7100	111.7400	0.200	0.000	7.66
59.9100	63.7900	0.470200	3443.7100	0.0000	0.200	0.000	7.66
60.6200	64.4300	0.490400	3443.7100	20.2200	0.200	0.000	7.66
61.3600	65.0500	0.410600	3443.7100	-79.8200	0.200	0.000	7.66
62.1200	65.7100	0.332900	3443.7100	-77.6900	0.200	0.000	7.66
62.8800	66.4300	0.299900	3443.7100	-32.9900	0.200	0.000	7.66
63.6500	67.1000	0.326500	2953.4900	26.6100	0.200	0.000	7.66
64.3900	67.7600	0.326500	2953.4900	0.0000	0.200	0.000	7.66
65.1500	68.3800	0.393500	2953.4900	67.0500	0.200	0.000	7.66
65.8900	69.0000	0.445700	2953.4900	52.1500	0.200	0.000	7.66
66.6300	69.6400	0.442500	2953.4900	-3.1900	0.200	0.000	7.66
67.3400	70.2700	0.358400	2953.4900	-84.0700	0.200	0.000	7.66
68.0600	70.9500	0.252000	2953.4900	-106.4200	0.200	0.000	7.66
68.7800	71.6500	0.252000	2953.4900	0.0000	0.200	0.000	7.66
69.5000	72.3500	0.214800	2953.4900	-37.2500	0.200	0.000	7.66
70.2500	73.0300	0.236000	2953.4900	21.2800	0.200	0.000	7.66
71.0100	73.7200	0.273300	3495.7800	37.2500	0.200	0.000	7.66
71.7500	74.4200	0.308400	3495.7800	35.1200	0.200	0.000	7.66
72.5100	75.1200	0.374400	3495.7800	65.9800	0.200	0.000	7.66
73.2500	75.8600	0.374400	3495.7800	0.0000	0.200	0.000	7.66
74.0200	76.6200	0.432900	3495.7800	58.5300	0.200	0.000	7.66
74.8000	77.3900	0.407400	3495.7800	-25.5400	0.200	0.000	7.66
75.6000	78.1700	0.339300	3495.7800	-68.1100	0.200	0.000	7.66
76.3600	78.9700	0.342500	3495.7800	3.1900	0.200	0.000	7.66
77.1300	79.7700	0.404200	3495.7800	61.7300	0.200	0.000	7.66
77.9100	80.5800	0.404200	3495.7800	0.0000	0.200	0.000	7.66
78.6900	81.4200	0.413800	3389.2400	9.5800	0.200	0.000	7.66
79.4900	82.3000	0.389300	3389.2400	-24.4800	0.200	0.000	7.66
80.3100	83.1800	0.392500	3389.2400	3.1900	0.200	0.000	7.66
81.1000	84.0100	0.422300	3389.2400	29.8000	0.200	0.000	7.66
81.9200	84.8900	0.429700	3389.2400	7.4500	0.200	0.000	7.66
82.7800	85.7900	0.429700	3389.2400	0.0000	0.200	0.000	7.66
83.6600	86.7300	0.407400	3389.2400	-22.3500	0.200	0.000	7.66
84.5100	87.6400	0.389300	3389.2400	-18.0900	0.200	0.000	7.66
85.3500	88.5600	0.390400	3389.2400	1.0600	0.200	0.000	7.66
86.2300	89.5000	0.397800	2503.3800	7.4500	0.200	0.000	7.66
87.0700	90.4200	0.397800	2503.3800	0.0000	0.200	0.000	7.66
87.9200	91.3500	0.411600	2503.3800	13.8300	0.200	0.000	7.66
88.7800	92.3300	0.422300	2503.3800	10.6400	0.200	0.000	7.66
89.6400	93.3100	0.404200	2503.3800	-18.0900	0.200	0.000	7.66
90.5200	94.2600	0.392500	2503.3800	-11.7100	0.200	0.000	7.66
91.3700	95.2200	0.450000	2503.3800	57.4700	0.200	0.000	7.66
92.2300	96.1400	0.450000	2503.3800	0.0000	0.200	0.000	7.66
93.0700	97.0800	0.558500	2503.3800	108.5500	0.200	0.000	7.66
93.8900	97.9700	0.586200	2503.3800	27.6700	0.200	0.000	7.66
94.7000	98.9100	0.518100	3560.4200	-68.1100	0.200	0.000	7.66
95.5000	99.8300	0.458500	3560.4200	-59.6000	0.200	0.000	7.66
96.3400	100.7300	0.420200	3560.4200	-38.3100	0.200	0.000	7.66
97.1800	101.6200	0.420200	3560.4200	0.0000	0.200	0.000	7.66
97.9900	102.4400	0.422300	3560.4200	2.1300	0.200	0.000	7.66
98.8100	103.2600	0.473400	3560.4200	51.0800	0.200	0.000	7.66
99.6300	104.0800	0.554200	3560.4200	80.8800	0.200	0.000	7.66
100.4900	104.8900	0.607500	3560.4200	53.2100	0.200	0.000	7.66
101.3400	105.6700	0.598900	3560.4200	-8.5100	0.200	0.000	7.66
102.2000	106.4500	0.598900	3560.4200	0.0000	0.200	0.000	7.66
103.0600	107.2300	0.573400	3874.6600	-25.5400	0.200	0.000	7.66
103.8800	108.0200	0.581900	3874.6600	8.5100	0.200	0.000	7.66
104.7500	108.8200	0.631900	3874.6600	50.0200	0.200	0.000	7.66
105.6500	109.6400	0.664900	3874.6600	32.9900	0.200	0.000	7.66
106.5900	110.4600	0.641500	3874.6600	-23.4100	0.200	0.000	7.66
107.5300	111.2900	0.641500	3874.6600	0.0000	0.200	0.000	7.66
108.4400	112.1700	0.576600	3874.6600	-64.9200	0.200	0.000	7.66
109.3800	113.0900	0.525500	3874.6600	-51.0800	0.200	0.000	7.66
110.3000	114.0300	0.485100	3874.6600	-40.4400	0.200	0.000	7.66
111.2900	115.0200	0.473400	2508.7700	-11.7100	0.200	0.000	7.66
112.3100	116.0400	0.493600	2508.7700	20.2200	0.200	0.000	7.66
113.3500	117.1000	0.493600	2508.7700	0.0000	0.200	0.000	7.66
114.3300	118.1300	0.482900	2508.7700	-10.6400	0.200	0.000	7.66
115.2600	119.1900	0.488300	2508.7700	5.3200	0.200	0.000	7.66
116.1800	120.2500	0.529800	2508.7700	41.5000	0.200	0.000	7.66
117.1600	121.3300	0.531900	2508.7700	2.1300	0.200	0.000	7.66
118.1100	122.3800	0.490400	2508.7700	-41.5000	0.200	0.000	7.66
119.0700	123.4400	0.490400	2508.7700	0.0000	0.200	0.000	7.66
120.0100	124.5200	0.474400	2508.7700	-15.9600	0.200	0.000	7.66
121.0100	125.6500	0.548900	2194.5300	74.5000	0.200	0.000	7.66
122.0200	126.7900	0.676600	2194.5300	127.7100	0.200	0.000	7.66
123.0000	127.9100	0.712800	2194.5300	36.1800	0.200	0.000	7.66
124.0000	129.0200	0.604300	2194.5300	-108.5500	0.200	0.000	7.66
124.9900	130.2600	0.604300	2194.5300	0.0000	0.200	0.000	7.66
126.0300	131.4800	0.497800	2194.5300	-106.4200	0.200	0.000	7.66
127.0900	132.6100	0.501000	2194.5300	3.1900	0.200	0.000	7.66
128.1300	133.7100	0.507400	2194.5300	6.3900	0.200	0.000	7.66
129.1800	134.8300	0.492500	2194.5300	-14.9000	0.200	0.000	7.66
130.2200	135.9600	0.495700	2226.2500	3.1900	0.200	0.000	7.66
131.2800	137.1400	0.495700	2226.2500	0.0000	0.200	0.000	7.66
132.3100	138.3200	0.494600	2226.2500	-1.0600	0.200	0.000	7.66
133.3500	139.4900	0.474400	2226.2500	-20.2200	0.200	0.000	7.66
134.3500	140.6500	0.486100	2226.2500	11.7100	0.200	0.000	7.66
135.3800	141.8100	0.544700	2226.2500	58.5300	0.200	0.000	7.66
136.3800	143.0000	0.567000	2226.2500	22.3500	0.200	0.000	7.66
137.3600	144.1800	0.567000	2226.2500	0.0000	0.200	0.000	7.66
138.3400	145.2400	0.543600	2226.2500	-23.4100	0.200	0.000	7.66
139.3500	146.1700	0.515900	2226.2500	-27.6700	0.200	0.000	7.66
140.3500	147.0300	0.592600	2709.8800	76.6200	0.200	0.000	7.66
141.3300	147.8700	0.743700	2709.8800	151.1200	0.200	0.000	7.66
142.3200	148.7100	0.743700	2709.8800	0.0000	0.200	0.000	7.66
143.3200	149.5600	0.793700	2709.8800	50.0200	0.200	0.000	7.66
144.3000	150.4400	0.738400	2709.8800	-55.3400	0.200	0.000	7.66
145.2800	151.3200	0.637300	2709.8800	-101.1000	0.200	0.000	7.66
146.2900	152.1800	0.528700	2709.8800	-108.5500	0.200	0.000	7.66
147.3300	153.0100	0.480800	2709.8800	-47.8900	0.200	0.000	7.66
148.3700	153.8300	0.480800	2709.8800	0.0000	0.200	0.000	7.66
149.4200	154.7100	0.503200	2709.8800	22.3500	0.200	0.000	7.66
150.4600	155.6500	0.535100	2828.9900	31.9300	0.200	0.000	7.66
151.4800	156.6600	0.497800	2828.9900	-37.2500	0.200	0.000	7.66
152.5100	157.6800	0.408400	2828.9900	-89.3900	0.200	0.000	7.66
153.5700	158.7600	0.374400	2828.9900	-34.0600	0.200	0.000	7.66
154.6500	159.8300	0.374400	2828.9900	0.0000	0.200	0.000	7.66
155.7300	160.8900	0.389300	2828.9900	14.9000	0.200	0.000	7.66
156.8000	161.9700	0.396700	2828.9900	7.4500	0.200	0.000	7.66
157.8400	163.0200	0.435100	2828.9900	38.3100	0.200	0.000	7.66
158.9000	164.1200	0.514900	2828.9900	79.8200	0.200	0.000	7.66
159.9300	165.2600	0.545700	2381.2800	30.8600	0.200	0.000	7.66
160.9900	166.4300	0.545700	2381.2800	0.0000	0.200	0.000	7.66
162.0300	167.6100	0.527600	2381.2800	-18.0900	0.200	0.000	7.66
163.0600	168.7900	0.534000	2381.2800	6.3900	0.200	0.000	7.66
164.0800	169.9600	0.568100	2381.2800	34.0600	0.200	0.000	7.66
165.1000	171.1000	0.558500	2381.2800	-9.5800	0.200	0.000	7.66
166.1500	172.2800	0.471200	2381.2800	-87.2700	0.200	0.000	7.66
167.2300	173.4700	0.471200	2381.2800	0.0000	0.200	0.000	7.66
168.3500	174.6500	0.369100	2381.2800	-102.1700	0.200	0.000	7.66
169.4500	175.8100	0.289300	2381.2800	-79.8200	0.200	0.000	7.66
170.5200	177.0000	0.254100	2325.0200	-35.1200	0.200	0.000	7.66
171.6600	178.2200	0.260500	2325.0200	6.3900	0.200	0.000	7.66
172.8000	179.4200	0.283900	2325.0200	23.4100	0.200	0.000	7.66
173.9100	180.6300	0.283900	2325.0200	0.0000	0.200	0.000	7.66
175.0300	181.7900	0.336100	2325.0200	52.1500	0.200	0.000	7.66
176.0900	182.9500	0.445700	2325.0200	109.6200	0.200	0.000	7.66
177.1400	184.0200	0.573400	2325.0200	127.7100	0.200	0.000	7.66
178.2000	185.1200	0.634100	2325.0200	60.6600	0.200	0.000	7.66
179.2600	186.1600	0.640400	2325.0200	6.3900	0.200	0.000	7.66
180.2700	187.1700	0.640400	2325.0200	0.0000	0.200	0.000	7.66
181.3300	188.2100	0.658500	2581.7900	18.0900	0.200	0.000	7.66
182.3900	189.2500	0.660700	2581.7900	2.1300	0.200	0.000	7.66
183.4200	190.3000	0.631900	2581.7900	-28.7300	0.200	0.000	7.66
184.4400	191.3200	0.630900	2581.7900	-1.0600	0.200	0.000	7.66
185.4600	192.2800	0.654300	2581.7900	23.4100	0.200	0.000	7.66
186.5600	193.2000	0.654300	2581.7900	0.0000	0.200	0.000	7.66
187.6900	194.1100	0.685100	2581.7900	30.8600	0.200	0.000	7.66
188.8500	195.0900	0.674500	2581.7900	-10.6400	0.200	0.000	7.66
189.9900	196.1300	0.602100	2581.7900	-72.3700	0.200	0.000	7.66
191.1400	197.2800	0.533000	3117.5000	-69.1700	0.200	0.000	7.66
192.3800	198.5600	0.526600	3117.5000	-6.3900	0.200	0.000	7.66
193.5900	199.8800	0.526600	3117.5000	0.0000	0.200	0.000	7.66
194.8300	201.2700	0.520200	3117.5000	-6.3900	0.200	0.000	7.66
196.0700	202.6500	0.497800	3117.5000	-22.3500	0.200	0.000	7.66
197.2800	204.0000	0.538300	3117.5000	40.4400	0.200	0.000	7.66
198.5800	205.4000	0.553200	3117.5000	14.9000	0.200	0.000	7.66
199.8800	206.7800	0.545700	3117.5000	-7.4500	0.200	0.000	7.66
201.1500	208.0900	0.545700	3117.5000	0.0000	0.200	0.000	7.66
202.3700	209.4500	0.592600	3117.5000	46.8300	0.200	0.000	7.66
203.5900	210.8600	0.642600	1341.6000	50.0200	0.200	0.000	7.66
204.7800	212.2600	0.641500	1341.6000	-1.0600	0.200	0.000	7.66
205.9600	213.6200	0.562800	1341.6000	-78.7500	0.200	0.000	7.66
207.1300	215.0100	0.562800	1341.6000	0.0000	0.200	0.000	7.66
208.3300	216.4100	0.462700	1341.6000	-100.0400	0.200	0.000	7.66
209.5500	217.8000	0.396700	1341.6000	-65.9800	0.200	0.000	7.66
210.7600	219.1400	0.369100	1341.6000	-27.6700	0.200	0.000	7.66
212.0000	220.4600	0.380800	1341.6000	11.7100	0.200	0.000	7.66
213.2600	221.7900	0.379700	1341.6000	-1.0600	0.200	0.000	7.66
214.5300	223.1300	0.379700	1341.6000	0.0000	0.200	0.000	7.66
215.7500	224.4200	0.343500	1442.1500	-36.1800	0.200	0.000	7.66
216.9900	225.7400	0.321200	1442.1500	-22.3500	0.200	0.000	7.66
218.2000	227.0600	0.357400	1442.1500	36.1800	0.200	0.000	7.66
219.4200	228.2900	0.441400	1442.1500	84.0700	0.200	0.000	7.66
220.6000	229.4500	0.535100	1442.1500	93.6500	0.200	0.000	7.66
221.7700	230.5100	0.535100	1442.1500	0.0000	0.200	0.000	7.66
222.9500	231.5000	0.610600	1442.1500	75.5600	0.200	0.000	7.66
224.1300	232.5000	0.678800	1442.1500	68.1100	0.200	0.000	7.66
225.3000	233.5400	0.738400	1442.1500	59.6000	0.200	0.000	7.66
226.5000	234.6100	0.716000	2775.1300	-22.3500	0.200	0.000	7.66
227.6600	235.6700	0.642600	2775.1300	-73.4300	0.200	0.000	7.66
228.8300	236.6900	0.642600	2775.1300	0.0000	0.200	0.000	7.66
230.0500	237.7300	0.595700	2775.1300	-46.8300	0.200	0.000	7.66
231.2800	238.7800	0.572300	2775.1300	-23.4100	0.200	0.000	7.66
232.5000	239.8600	0.556400	2775.1300	-15.9600	0.200	0.000	7.66
233.7000	241.0200	0.557400	2775.1300	1.0600	0.200	0.000	7.66
234.9300	242.2100	0.567000	2775.1300	9.5800	0.200	0.000	7.66
236.1500	243.4500	0.567000	2775.1300	0.0000	0.200	0.000	7.66
237.4100	244.7300	0.591500	2775.1300	24.4800	0.200	0.000	7.66
238.6800	246.0400	0.603200	2586.5800	11.7100	0.200	0.000	7.66
239.9400	247.3800	0.569100	2586.5800	-34.0600	0.200	0.000	7.66
241.2000	248.7300	0.544700	2586.5800	-24.4800	0.200	0.000	7.66
242.4300	250.1100	0.561700	2586.5800	17.0300	0.200	0.000	7.66
243.6700	251.4700	0.561700	2586.5800	0.0000	0.200	0.000	7.66
244.9000	252.8600	0.637300	2586.5800	75.5600	0.200	0.000	7.66
246.1400	254.2600	0.737300	2586.5800	100.0400	0.200	0.000	7.66
247.4000	255.6100	0.822400	2586.5800	85.1400	0.200	0.000	7.66
248.6300	256.9900	0.826700	2586.5800	4.2600	0.200	0.000	7.66
249.8700	258.3300	0.631900	1592.9900	-194.7500	0.200	0.000	7.66
251.0900	259.6400	0.631900	1592.9900	0.0000	0.200	0.000	7.66
252.3600	260.9400	0.376500	1592.9900	-255.4100	0.200	0.000	7.66
253.6400	262.2100	0.292400	1592.9900	-84.0700	0.200	0.000	7.66
254.9200	263.5100	0.351000	1592.9900	58.5300	0.200	0.000	7.66
256.1900	264.7900	0.362700	1592.9900	11.7100	0.200	0.000	7.66
257.4300	266.0000	0.322200	1592.9900	-40.4400	0.200	0.000	7.66
258.6800	267.2000	0.322200	1592.9900	0.0000	0.200	0.000	7.66
259.9000	268.3400	0.408400	1592.9900	86.2000	0.200	0.000	7.66
261.1200	269.4300	0.569100	1592.9900	160.7000	0.200	0.000	7.66
262.2900	270.5100	0.613800	1467.8900	44.7000	0.200	0.000	7.66
263.4900	271.6500	0.594700	1467.8900	-19.1600	0.200	0.000	7.66
264.6900	272.8200	0.618100	1467.8900	23.4100	0.200	0.000	7.66
265.8400	274.0200	0.618100	1467.8900	0.0000	0.200	0.000	7.66
267.0000	275.2200	0.629800	1467.8900	11.7100	0.200	0.000	7.66
268.1600	276.4100	0.604300	1467.8900	-25.5400	0.200	0.000	7.66
269.3100	277.6300	0.519100	1467.8900	-85.1400	0.200	0.000	7.66
270.5100	278.7900	0.407400	1467.8900	-111.7400	0.200	0.000	7.66
271.7700	280.0200	0.335000	1467.8900	-72.3700	0.200	0.000	7.66
273.0200	281.3400	0.335000	1467.8900	0.0000	0.200	0.000	7.66
274.3000	282.6900	0.216900	1727.0600	-118.1300	0.200	0.000	7.66
275.6300	284.1300	0.110500	1727.0600	-106.4200	0.200	0.000	7.66
276.9700	285.6100	0.127500	1727.0600	17.0300	0.200	0.000	7.66
278.3300	287.1200	0.209400	1727.0600	81.9500	0.200	0.000	7.66
279.7000	288.7000	0.318000	1727.0600	108.5500	0.200	0.000	7.66
281.1200	290.2300	0.318000	1727.0600	0.0000	0.200	0.000	7.66
282.5900	291.8100	0.435100	1727.0600	117.0600	0.200	0.000	7.66
284.1300	293.3800	0.527600	1727.0600	92.5900	0.200	0.000	7.66
285.6700	294.9600	0.631900	1727.0600	104.2900	0.200	0.000	7.66
287.1400	296.5700	0.697900	-269.7000	65.9800	0.200	0.000	7.66
288.6000	298.1500	0.697900	-269.7000	0.0000	0.200	0.000	7.66
290.0100	299.7200	0.643600	-269.7000	-54.2800	0.200	0.000	7.66
291.3900	301.2400	0.527600	-269.7000	-116.0000	0.200	0.000	7.66
292.7100	302.7400	0.489300	-269.7000	-38.3100	0.200	0.000	7.66
294.0200	304.1700	0.580900	-269.7000	91.5200	0.200	0.000	7.66
295.3800	305.5100	0.640400	-269.7000	59.6000	0.200	0.000	7.66
296.7300	306.7600	0.640400	-269.7000	0.0000	0.200	0.000	7.66
298.0500	307.9800	0.547900	-269.7000	-92.5900	0.200	0.000	7.66
299.3700	309.1800	0.475500	-269.7000	-72.3700	0.200	0.000	7.66
300.6600	310.3500	0.512700	3088.1700	37.2500	0.200	0.000	7.66
301.9800	311.5300	0.551100	3088.1700	38.3100	0.200	0.000	7.66
303.3100	312.7700	0.571300	3088.1700	20.2200	0.200	0.000	7.66
304.6300	314.0200	0.571300	3088.1700	0.0000	0.200	0.000	7.66
305.9900	315.2800	0.587200	3088.1700	15.9600	0.200	0.000	7.66
307.3400	316.5000	0.624500	3088.1700	37.2500	0.200	0.000	7.66
308.6600	317.7300	0.683000	3088.1700	58.5300	0.200	0.000	7.66
309.9900	319.0300	0.736200	3088.1700	53.2100	0.200	0.000	7.66
311.2900	320.3600	0.760700	3088.1700	24.4800	0.200	0.000	7.66
312.5700	321.7200	0.760700	3088.1700	0.0000	0.200	0.000	7.66
313.8600	323.0600	0.716000	1452.3300	-44.7000	0.200	0.000	7.66
315.2000	324.3500	0.653200	1452.3300	-62.7900	0.200	0.000	7.66
316.5400	325.6700	0.694700	1452.3300	41.5000	0.200	0.000	7.66
317.9100	327.0600	0.771300	1452.3300	76.6200	0.200	0.000	7.66
319.2700	328.5400	0.659600	1452.3300	-111.7400	0.200	0.000	7.66
320.6200	330.0400	0.659600	1452.3300	0.0000	0.200	0.000	7.66
321.9400	331.5700	0.407400	1452.3300	-252.2200	0.200	0.000	7.66
323.2600	333.0900	0.325400	1452.3300	-81.9500	0.200	0.000	7.66
324.5500	334.6600	0.519100	1452.3300	193.6900	0.200	0.000	7.66
325.8500	336.2000	0.751100	794.5200	232.0000	0.200	0.000	7.66
327.1400	337.7500	0.824600	794.5200	73.4300	0.200	0.000	7.66
328.4800	339.2500	0.824600	794.5200	0.0000	0.200	0.000	7.66
329.8800	340.7400	0.862900	794.5200	38.3100	0.200	0.000	7.66
331.2700	342.2000	0.997000	794.5200	134.0900	0.200	0.000	7.66
332.6500	343.5800	1.099100	794.5200	102.1700	0.200	0.000	7.66
334.0000	344.8900	1.039500	794.5200	-59.6000	0.200	0.000	7.66
335.3400	346.1300	0.928900	794.5200	-110.6800	0.200	0.000	7.66
336.6600	347.3300	0.928900	794.5200	0.0000	0.200	0.000	7.66
337.9700	348.5200	0.869300	794.5200	-59.6000	0.200	0.000	7.66
339.2700	349.7200	0.871400	1694.7400	2.1300	0.200	0.000	7.66
340.5900	350.9000	0.915000	1694.7400	43.6300	0.200	0.000	7.66
341.9000	352.0700	0.933100	1694.7400	18.0900	0.200	0.000	7.66
343.2200	353.2500	0.830900	1694.7400	-102.1700	0.200	0.000	7.66
344.5100	354.5400	0.830900	1694.7400	0.0000	0.200	0.000	7.66
345.7900	355.9400	0.668100	1694.7400	-162.8300	0.200	0.000	7.66
347.1100	357.4800	0.603200	1694.7400	-64.9200	0.200	0.000	7.66
348.4400	359.0100	0.545700	1694.7400	-57.4700	0.200	0.000	7.66
349.8200	360.6100	0.446800	1694.7400	-98.9700	0.200	0.000	7.66
351.1900	362.1800	0.407400	2228.0500	-39.3800	0.200	0.000	7.66
352.5300	363.7200	0.407400	2228.0500	0.0000	0.200	0.000	7.66
353.8900	365.1700	0.465900	2228.0500	58.5300	0.200	0.000	7.66
355.2600	366.6300	0.622400	2228.0500	156.4400	0.200	0.000	7.66
356.6800	368.1200	0.754300	2228.0500	131.9600	0.200	0.000	7.66
358.1100	369.6600	0.786200	2228.0500	31.9300	0.200	0.000	7.66
359.5900	371.2600	0.759600	2228.0500	-26.6100	0.200	0.000	7.66
361.0500	372.9300	0.759600	2228.0500	0.0000	0.200	0.000	7.66
362.5600	374.6900	0.716000	2228.0500	-43.6300	0.200	0.000	7.66
364.0400	376.4200	0.651100	2228.0500	-64.9200	0.200	0.000	7.66
365.5100	378.2000	0.592600	714.3200	-58.5300	0.200	0.000	7.66
367.0100	379.9700	0.616000	714.3200	23.4100	0.200	0.000	7.66
368.4600	381.7300	0.692600	714.3200	76.6200	0.200	0.000	7.66
369.8800	383.4200	0.692600	714.3200	0.0000	0.200	0.000	7.66
371.3200	385.0200	0.790500	714.3200	97.9100	0.200	0.000	7.66
372.7300	386.5100	0.917100	714.3200	126.6400	0.200	0.000	7.66
374.1500	387.9300	1.041700	714.3200	124.5100	0.200	0.000	7.66
375.5800	389.2600	1.104400	714.3200	62.7900	0.200	0.000	7.66
377.0200	390.5000	1.027800	714.3200	-76.6200	0.200	0.000	7.66
378.4500	391.7000	1.027800	714.3200	0.0000	0.200	0.000	7.66
379.9500	392.8700	0.898000	994.4400	-129.8400	0.200	0.000	7.66
381.4300	394.0700	0.838400	994.4400	-59.6000	0.200	0.000	7.66
382.8600	395.2900	0.865000	994.4400	26.6100	0.200	0.000	7.66
384.2600	396.5800	0.955500	994.4400	90.4600	0.200	0.000	7.66
385.6700	397.9200	0.955500	994.4400	0.0000	0.200	0.000	7.66
387.1100	399.3300	0.990600	994.4400	35.1200	0.200	0.000	7.66
388.5500	400.7900	0.916100	994.4400	-74.5000	0.200	0.000	7.66
389.9200	402.2700	0.788400	994.4400	-127.7100	0.200	0.000	7.66
391.3200	403.7200	0.730900	994.4400	-57.4700	0.200	0.000	7.66
392.6900	405.1800	0.801100	739.4600	70.2400	0.200	0.000	7.66
394.0500	406.6700	0.801100	739.4600	0.0000	0.200	0.000	7.66
395.4100	408.1500	0.890500	739.4600	89.3900	0.200	0.000	7.66
396.8200	409.6400	0.926700	739.4600	36.1800	0.200	0.000	7.66
398.2600	411.1600	0.905400	739.4600	-21.2800	0.200	0.000	7.66
399.6900	412.6900	0.907600	739.4600	2.1300	0.200	0.000	7.66
401.1500	414.3100	0.953300	739.4600	45.7600	0.200	0.000	7.66
402.5800	415.9600	0.953300	739.4600	0.0000	0.200	0.000	7.66
404.0000	417.5800	0.975700	739.4600	22.3500	0.200	0.000	7.66
405.4000	419.2200	0.990600	739.4600	14.9000	0.200	0.000	7.66
406.8300	420.8900	0.981000	1958.1000	-9.5800	0.200	0.000	7.66
408.2500	422.5500	1.000200	1958.1000	19.1600	0.200	0.000	7.66
409.6600	424.1600	1.082100	1958.1000	81.9500	0.200	0.000	7.66
411.0400	425.7200	1.082100	1958.1000	0.0000	0.200	0.000	7.66
412.4400	427.2300	1.157700	1958.1000	75.5600	0.200	0.000	7.66
413.8900	428.6700	1.197000	1958.1000	39.3800	0.200	0.000	7.66
415.3500	430.0200	1.165100	1958.1000	-31.9300	0.200	0.000	7.66
416.8000	431.3400	1.098100	1958.1000	-67.0500	0.200	0.000	7.66
418.2400	432.6000	1.051200	1958.1000	-46.8300	0.200	0.000	7.66
419.6500	433.8300	1.051200	1958.1000	0.0000	0.200	0.000	7.66
421.0500	435.0900	1.051200	2111.3300	0.0000	0.200	0.000	7.66
422.4900	436.3700	1.066100	2111.3300	14.9000	0.200	0.000	7.66
423.9000	437.6600	1.053400	2111.3300	-12.7700	0.200	0.000	7.66
425.2800	439.0000	1.058700	2111.3300	5.3200	0.200	0.000	7.66
426.6500	440.4300	1.077800	2111.3300	19.1600	0.200	0.000	7.66
428.0500	442.0300	1.077800	2111.3300	0.0000	0.200	0.000	7.66
429.4500	443.6800	1.048000	2111.3300	-29.8000	0.200	0.000	7.66
430.8200	445.3800	0.922500	2111.3300	-125.5800	0.200	0.000	7.66
432.2200	447.1300	0.776700	2111.3300	-145.8000	0.200	0.000	7.66
433.6700	448.8900	0.732000	2203.5100	-44.7000	0.200	0.000	7.66
435.1500	450.6200	0.759600	2203.5100	27.6700	0.200	0.000	7.66
436.6600	452.3200	0.759600	2203.5100	0.0000	0.200	0.000	7.66
438.2200	454.0300	0.801100	2203.5100	41.5000	0.200	0.000	7.66
439.8000	455.7300	0.867100	2203.5100	65.9800	0.200	0.000	7.66
441.3500	457.4400	1.005500	2203.5100	138.3500	0.200	0.000	7.66
442.9300	459.2200	1.140600	2203.5100	135.1600	0.200	0.000	7.66
444.5000	461.0100	1.128900	2203.5100	-11.7100	0.200	0.000	7.66
446.0800	462.8500	1.128900	2203.5100	0.0000	0.200	0.000	7.66
447.6100	464.7200	0.998000	2203.5100	-130.9000	0.200	0.000	7.66
449.1500	466.5400	0.884200	1855.7500	-113.8700	0.200	0.000	7.66
450.6800	468.2900	0.833100	1855.7500	-51.0800	0.200	0.000	7.66
452.2400	469.9300	0.800100	1855.7500	-32.9900	0.200	0.000	7.66
453.7900	471.4200	0.807500	1855.7500	7.4500	0.200	0.000	7.66
455.3700	472.8000	0.807500	1855.7500	0.0000	0.200	0.000	7.66
456.8900	474.0800	0.968200	1855.7500	160.7000	0.200	0.000	7.66
458.4200	475.2700	1.260900	1855.7500	292.6600	0.200	0.000	7.66
459.9800	476.4700	1.458800	1855.7500	197.9500	0.200	0.000	7.66
461.5300	477.7000	1.447100	1855.7500	-11.7100	0.200	0.000	7.66
463.1500	478.9800	1.306700	-103.9000	-140.4800	0.200	0.000	7.66
464.7400	480.2800	1.306700	-103.9000	0.0000	0.200	0.000	7.66
466.3200	481.6900	1.133200	-103.9000	-173.4700	0.200	0.000	7.66
467.8500	483.2500	1.039500	-103.9000	-93.6500	0.200	0.000	7.66
469.4100	484.9200	1.036300	-103.9000	-3.1900	0.200	0.000	7.66
470.9400	486.6400	1.049100	-103.9000	12.7700	0.200	0.000	7.66
472.5000	488.3300	1.056600	-103.9000	7.4500	0.200	0.000	7.66
473.9800	490.0100	1.056600	-103.9000	0.0000	0.200	0.000	7.66
475.4500	491.6000	1.017200	-103.9000	-39.3800	0.200	0.000	7.66
476.8900	493.2000	0.916100	-103.9000	-101.1000	0.200	0.000	7.66
478.3200	494.8100	0.746900	-703.6500	-169.2100	0.200	0.000	7.66
479.7600	496.4500	0.588300	-703.6500	-158.5700	0.200	0.000	7.66
481.2100	498.1200	0.538300	-703.6500	-50.0200	0.200	0.000	7.66
482.7100	499.8200	0.538300	-703.6500	0.0000	0.200	0.000	7.66
484.1700	501.5500	0.557400	-703.6500	19.1600	0.200	0.000	7.66
485.5800	503.3300	0.606400	-703.6500	48.9500	0.200	0.000	7.66
487.0000	505.1200	0.676600	-703.6500	70.2400	0.200	0.000	7.66
488.4500	506.8800	0.752200	-703.6500	75.5600	0.200	0.000	7.66
489.9100	508.5300	0.752200	-703.6500	0.0000	0.200	0.000	7.66
491.4000	510.0300	0.836300	-703.6500	84.0700	0.200	0.000	7.66
492.9600	511.4100	1.019300	1253.0100	183.0500	0.200	0.000	7.66
494.5600	512.7400	1.218300	1253.0100	199.0100	0.200	0.000	7.66
496.1300	514.0400	1.251300	1253.0100	32.9900	0.200	0.000	7.66
497.7100	515.3500	1.139600	1253.0100	-111.7400	0.200	0.000	7.66
499.2400	516.7100	1.139600	1253.0100	0.0000	0.200	0.000	7.66
500.8000	518.1100	1.038500	1253.0100	-101.1000	0.200	0.000	7.66
502.3300	519.5000	1.028900	1253.0100	-9.5800	0.200	0.000	7.66
503.8500	520.8800	1.017200	1253.0100	-11.7100	0.200	0.000	7.66
505.3200	522.3100	0.939500	1253.0100	-77.6900	0.200	0.000	7.66
506.7800	523.8500	0.861800	4488.1800	-77.6900	0.200	0.000	7.66
508.2200	525.5200	0.861800	4488.1800	0.0000	0.200	0.000	7.66
509.6700	527.3600	0.823500	4488.1800	-38.3100	0.200	0.000	7.66
511.1500	529.2100	0.779900	4488.1800	-43.6300	0.200	0.000	7.66
512.6200	531.0500	0.708600	4488.1800	-71.3000	0.200	0.000	7.66
514.1200	532.9200	0.647900	4488.1800	-60.6600	0.200	0.000	7.66
515.6900	534.8000	0.595700	4488.1800	-52.1500	0.200	0.000	7.66
517.2700	536.6500	0.595700	4488.1800	0.0000	0.200	0.000	7.66
518.8200	538.4900	0.507400	4488.1800	-88.3300	0.200	0.000	7.66
520.3600	540.3800	0.424400	4488.1800	-83.0100	0.200	0.000	7.66
521.9200	542.2600	0.421200	680.2000	-3.1900	0.200	0.000	7.66
523.5100	544.0900	0.520200	680.2000	98.9700	0.200	0.000	7.66
525.1300	545.9100	0.631900	680.2000	111.7400	0.200	0.000	7.66
526.7800	547.7200	0.631900	680.2000	0.0000	0.200	0.000	7.66
528.4600	549.5100	0.658500	680.2000	26.6100	0.200	0.000	7.66
530.1500	551.3300	0.655300	680.2000	-3.1900	0.200	0.000	7.66
531.8500	553.0800	0.670200	680.2000	14.9000	0.200	0.000	7.66
533.5600	554.6600	0.664900	680.2000	-5.3200	0.200	0.000	7.66
535.3000	556.0800	0.649000	680.2000	-15.9600	0.200	0.000	7.66
537.0100	557.3900	0.649000	680.2000	0.0000	0.200	0.000	7.66
538.7100	558.6300	0.736200	249.8400	87.2700	0.200	0.000	7.66
540.3800	559.8000	0.951200	249.8400	214.9700	0.200	0.000	7.66
542.0200	560.9600	1.110800	249.8400	159.6300	0.200	0.000	7.66
543.6300	562.1400	1.047000	249.8400	-63.8500	0.200	0.000	7.66
545.2300	563.4900	0.860700	249.8400	-186.2400	0.200	0.000	7.66
546.7800	565.0100	0.860700	249.8400	0.0000	0.200	0.000	7.66
548.3000	566.6000	0.722400	249.8400	-138.3500	0.200	0.000	7.66
549.8100	568.2800	0.575500	249.8400	-146.8600	0.200	0.000	7.66
551.2900	569.9600	0.387200	249.8400	-188.3700	0.200	0.000	7.66
552.7900	571.5900	0.282900	849.5900	-104.2900	0.200	0.000	7.66
554.3200	573.2500	0.365900	849.5900	83.0100	0.200	0.000	7.66
555.8400	574.9200	0.365900	849.5900	0.0000	0.200	0.000	7.66
557.4100	576.6600	0.625500	849.5900	259.6700	0.200	0.000	7.66
558.9900	578.3900	0.872400	849.5900	246.9000	0.200	0.000	7.66
560.5400	580.1700	0.912900	849.5900	40.4400	0.200	0.000	7.66
562.0600	581.9400	0.808600	849.5900	-104.2900	0.200	0.000	7.66
563.6500	583.7100	0.725600	849.5900	-83.0100	0.200	0.000	7.66
565.2500	585.4500	0.725600	849.5900	0.0000	0.200	0.000	7.66
566.8600	587.1200	0.767100	849.5900	41.5000	0.200	0.000	7.66
568.4600	588.7800	0.920300	-104.5000	153.2500	0.200	0.000	7.66
570.0200	590.4400	1.014000	-104.5000	93.6500	0.200	0.000	7.66
571.5300	592.0700	0.993800	-104.5000	-20.2200	0.200	0.000	7.66
573.0300	593.6300	0.918200	-104.5000	-75.5600	0.200	0.000	7.66
574.5800	595.0800	0.918200	-104.5000	0.0000	0.200	0.000	7.66
576.1800	596.4600	0.837300	-104.5000	-80.8800	0.200	0.000	7.66
577.7700	597.8300	0.813900	-104.5000	-23.4100	0.200	0.000	7.66
579.3900	599.1900	0.838400	-104.5000	24.4800	0.200	0.000	7.66
581.0000	600.5900	0.894800	-104.5000	56.4000	0.200	0.000	7.66
582.6400	602.0000	0.932000	2044.3000	37.2500	0.200	0.000	7.66
584.2500	603.4400	0.932000	2044.3000	0.0000	0.200	0.000	7.66
585.8700	604.9100	0.935200	2044.3000	3.1900	0.200	0.000	7.66
587.5000	606.5300	0.940600	2044.3000	5.3200	0.200	0.000	7.66
589.0800	608.3000	0.948000	2044.3000	7.4500	0.200	0.000	7.66
590.6300	610.1600	0.883100	2044.3000	-64.9200	0.200	0.000	7.66
592.1500	612.0900	0.754300	2044.3000	-128.7700	0.200	0.000	7.66
593.6500	614.0300	0.754300	2044.3000	0.0000	0.200	0.000	7.66
595.1200	615.9400	0.680900	2044.3000	-73.4300	0.200	0.000	7.66
596.6200	617.9000	0.644700	2044.3000	-36.1800	0.200	0.000	7.66
598.1500	619.8700	0.637300	2083.2000	-7.4500	0.200	0.000	7.66
599.7300	621.8200	0.627700	2083.2000	-9.5800	0.200	0.000	7.66
601.3400	623.8000	0.627700	2083.2000	0.0000	0.200	0.000	7.66
602.9800	625.7500	0.545700	2083.2000	-81.9500	0.200	0.000	7.66
604.6900	627.6300	0.429700	2083.2000	-116.0000	0.200	0.000	7.66
606.4100	629.4000	0.424400	2083.2000	-5.3200	0.200	0.000	7.66
608.1200	631.0800	0.571300	2083.2000	146.8600	0.200	0.000	7.66
609.8400	632.7100	0.664900	2083.2000	93.6500	0.200	0.000	7.66
611.5500	634.3700	0.664900	2083.2000	0.0000	0.200	0.000	7.66
613.2700	636.0600	0.656400	2083.2000	-8.5100	0.200	0.000	7.66
614.9800	637.7200	0.660700	1090.2100	4.2600	0.200	0.000	7.66
616.7000	639.2500	0.740500	1090.2100	79.8200	0.200	0.000	7.66
618.4100	640.7300	0.888400	1090.2100	147.9300	0.200	0.000	7.66
620.1300	642.1400	1.024600	1090.2100	136.2200	0.200	0.000	7.66
621.8600	643.5200	1.024600	1090.2100	0.0000	0.200	0.000	7.66
623.6000	644.8600	1.047000	1090.2100	22.3500	0.200	0.000	7.66
625.3100	646.2100	0.952300	1090.2100	-94.7200	0.200	0.000	7.66
626.9700	647.6300	0.884200	1090.2100	-68.1100	0.200	0.000	7.66
628.6000	649.1800	0.858600	1090.2100	-25.5400	0.200	0.000	7.66
630.2600	650.8000	0.785200	597.6000	-73.4300	0.200	0.000	7.66
631.9100	652.4900	0.785200	597.6000	0.0000	0.200	0.000	7.66
633.5500	654.3100	0.621300	597.6000	-163.8900	0.200	0.000	7.66
635.1800	656.1600	0.476600	597.6000	-144.7300	0.200	0.000	7.66
636.8000	658.0200	0.546800	597.6000	70.2400	0.200	0.000	7.66
638.4200	659.8500	0.749000	597.6000	202.2000	0.200	0.000	7.66
640.0700	661.7500	0.861800	597.6000	112.8100	0.200	0.000	7.66
641.6900	663.6200	0.861800	597.6000	0.0000	0.200	0.000	7.66
643.2600	665.4200	0.852200	597.6000	-9.5800	0.200	0.000	7.66
644.8400	667.1700	0.845800	597.6000	-6.3900	0.200	0.000	7.66
646.4100	668.8900	0.894800	-57.2200	48.9500	0.200	0.000	7.66
648.0300	670.5600	0.899100	-57.2200	4.2600	0.200	0.000	7.66
649.6800	672.1600	0.777700	-57.2200	-121.3200	0.200	0.000	7.66
651.3600	673.7300	0.777700	-57.2200	0.0000	0.200	0.000	7.66
653.0700	675.3100	0.664900	-57.2200	-112.8100	0.200	0.000	7.66
654.7500	676.9000	0.777700	-57.2200	112.8100	0.200	0.000	7.66
656.3800	678.5200	0.959700	-57.2200	181.9800	0.200	0.000	7.66
658.0200	680.1100	0.938400	-57.2200	-21.2800	0.200	0.000	7.66
659.6700	681.6700	0.737300	-57.2200	-201.1400	0.200	0.000	7.66
661.3500	683.2200	0.737300	-57.2200	0.0000	0.200	0.000	7.66
663.0400	684.8000	0.601100	1991.0200	-136.2200	0.200	0.000	7.66
664.7400	686.4300	0.652200	1991.0200	51.0800	0.200	0.000	7.66
666.4300	688.1500	0.720300	1991.0200	68.1100	0.200	0.000	7.66
668.0700	689.8800	0.649000	1991.0200	-71.3000	0.200	0.000	7.66
669.6200	691.7000	0.475500	1991.0200	-173.4700	0.200	0.000	7.66
671.2000	693.5500	0.475500	1991.0200	0.0000	0.200	0.000	7.66
672.7700	695.4700	0.308400	1991.0200	-167.0800	0.200	0.000	7.66
674.3700	697.4600	0.287100	1991.0200	-21.2800	0.200	0.000	7.66
675.9500	699.4800	0.402100	1991.0200	114.9400	0.200	0.000	7.66
677.4800	701.4100	0.444600	212.1300	42.5700	0.200	0.000	7.66
679.0400	703.4100	0.391400	212.1300	-53.2100	0.200	0.000	7.66
680.6500	705.4600	0.391400	212.1300	0.0000	0.200	0.000	7.66
682.3100	707.5100	0.396700	212.1300	5.3200	0.200	0.000	7.66
683.9600	709.5300	0.517000	212.1300	120.2600	0.200	0.000	7.66
685.6000	711.4600	0.644700	212.1300	127.7100	0.200	0.000	7.66
687.2300	713.3200	0.613800	212.1300	-30.8600	0.200	0.000	7.66
688.9500	715.0300	0.559600	212.1300	-54.2800	0.200	0.000	7.66
690.7400	716.6700	0.559600	212.1300	0.0000	0.200	0.000	7.66
692.5800	718.2400	0.655300	212.1300	95.7800	0.200	0.000	7.66
694.4300	719.8000	0.796900	875.9200	141.5400	0.200	0.000	7.66
696.2700	721.3900	0.848000	875.9200	51.0800	0.200	0.000	7.66
698.0800	722.9900	0.773500	875.9200	-74.5000	0.200	0.000	7.66
699.8600	724.5600	0.699000	875.9200	-74.5000	0.200	0.000	7.66
701.6500	726.0800	0.699000	875.9200	0.0000	0.200	0.000	7.66
703.4500	727.5100	0.716000	875.9200	17.0300	0.200	0.000	7.66
705.2400	728.9300	0.754300	875.9200	38.3100	0.200	0.000	7.66
707.0100	730.3500	0.756400	875.9200	2.1300	0.200	0.000	7.66
708.7900	731.8200	0.739400	875.9200	-17.0300	0.200	0.000	7.66
710.5000	733.4200	0.739400	1116.5400	0.0000	0.200	0.000	7.66
712.2000	735.1300	0.739400	1116.5400	0.0000	0.200	0.000	7.66
713.8500	736.9300	0.759600	1116.5400	20.2200	0.200	0.000	7.66
715.4700	738.8200	0.769200	1116.5400	9.5800	0.200	0.000	7.66
717.0700	740.8000	0.707500	1116.5400	-61.7300	0.200	0.000	7.66
718.6400	742.7700	0.553200	1116.5400	-154.3100	0.200	0.000	7.66
720.2000	744.7200	0.553200	1116.5400	0.0000	0.200	0.000	7.66
721.7700	746.6400	0.412700	1116.5400	-140.4800	0.200	0.000	7.66
723.4300	748.4700	0.476600	1116.5400	63.8500	0.200	0.000	7.66
725.1000	750.2500	0.713900	1116.5400	237.3200	0.200	0.000	7.66
726.8000	751.9600	0.878800	216.9200	164.9500	0.200	0.000	7.66
728.4700	753.6000	0.929900	216.9200	51.0800	0.200	0.000	7.66
730.1700	755.1700	0.929900	216.9200	0.0000	0.200	0.000	7.66
731.8600	756.6700	0.967200	216.9200	37.2500	0.200	0.000	7.66
733.5400	758.1300	1.062900	216.9200	95.7800	0.200	0.000	7.66
735.2500	759.5400	1.148100	216.9200	85.1400	0.200	0.000	7.66
736.9700	761.0000	1.128900	216.9200	-19.1600	0.200	0.000	7.66
738.7000	762.5300	1.088500	216.9200	-40.4400	0.200	0.000	7.66
740.4600	764.1700	1.088500	216.9200	0.0000	0.200	0.000	7.66
742.1900	765.9400	1.002300	216.9200	-86.2000	0.200	0.000	7.66
743.8700	767.8400	0.815000	1309.8700	-187.3000	0.200	0.000	7.66
745.5600	769.7500	0.576600	1309.8700	-238.3900	0.200	0.000	7.66
747.2600	771.6900	0.370100	1309.8700	-206.4600	0.200	0.000	7.66
748.9500	773.5800	0.280700	1309.8700	-89.3900	0.200	0.000	7.66
750.6300	775.4000	0.280700	1309.8700	0.0000	0.200	0.000	7.66
752.2800	777.2100	0.310500	1309.8700	29.8000	0.200	0.000	7.66
753.9400	779.0600	0.401000	1309.8700	90.4600	0.200	0.000	7.66
755.5500	781.0400	0.481900	1309.8700	80.8800	0.200	0.000	7.66
757.1700	783.0900	0.548900	1309.8700	67.0500	0.200	0.000	7.66
758.8000	785.2300	0.566000	1566.6500	17.0300	0.200	0.000	7.66
760.4200	787.3000	0.566000	1566.6500	0.0000	0.200	0.000	7.66
762.0500	789.3100	0.524400	1566.6500	-41.5000	0.200	0.000	7.66
763.6900	791.4100	0.494600	1566.6500	-29.8000	0.200	0.000	7.66
765.3600	793.5000	0.507400	1566.6500	12.7700	0.200	0.000	7.66
767.0800	795.4600	0.569100	1566.6500	61.7300	0.200	0.000	7.66
768.8100	797.2500	0.553200	1566.6500	-15.9600	0.200	0.000	7.66
770.5500	798.8300	0.553200	1566.6500	0.0000	0.200	0.000	7.66
772.3400	800.2800	0.469100	1566.6500	-84.0700	0.200	0.000	7.66
774.1600	801.6800	0.522300	1566.6500	53.2100	0.200	0.000	7.66
775.9900	803.0700	0.701100	622.7400	178.7900	0.200	0.000	7.66
777.8300	804.5900	0.844800	622.7400	143.6700	0.200	0.000	7.66
779.6600	806.1900	0.872400	622.7400	27.6700	0.200	0.000	7.66
781.5000	807.8600	0.872400	622.7400	0.0000	0.200	0.000	7.66
783.3500	809.6000	0.857500	622.7400	-14.9000	0.200	0.000	7.66
785.2300	811.3500	0.861800	622.7400	4.2600	0.200	0.000	7.66
787.0800	813.1000	0.777700	622.7400	-84.0700	0.200	0.000	7.66
788.8800	814.8200	0.649000	622.7400	-128.7700	0.200	0.000	7.66
790.6100	816.5200	0.574500	622.7400	-74.5000	0.200	0.000	7.66
792.2900	818.2700	0.574500	622.7400	0.0000	0.200	0.000	7.66
793.9800	820.0800	0.563800	-594.7100	-10.6400	0.200	0.000	7.66
795.6800	821.9200	0.554200	-594.7100	-9.5800	0.200	0.000	7.66
797.3700	823.8700	0.495700	-594.7100	-58.5300	0.200	0.000	7.66
799.0900	825.8900	0.526600	-594.7100	30.8600	0.200	0.000	7.66
800.7600	827.8800	0.630900	-594.7100	104.2900	0.200	0.000	7.66
802.4200	829.8000	0.630900	-594.7100	0.0000	0.200	0.000	7.66
804.0700	831.6900	0.696900	-594.7100	65.9800	0.200	0.000	7.66
805.7300	833.5300	0.769200	-594.7100	72.3700	0.200	0.000	7.66
807.3400	835.2800	0.924600	-594.7100	155.3800	0.200	0.000	7.66
808.9200	836.9600	1.124700	383.3200	200.0700	0.200	0.000	7.66
810.4900	838.5700	1.205600	383.3200	80.8800	0.200	0.000	7.66
812.1100	840.1300	1.205600	383.3200	0.0000	0.200	0.000	7.66
813.7600	841.6600	1.142800	383.3200	-62.7900	0.200	0.000	7.66
815.4800	843.1800	1.064000	383.3200	-78.7500	0.200	0.000	7.66
817.2100	844.7100	1.014000	383.3200	-50.0200	0.200	0.000	7.66
819.0100	846.2700	0.987400	383.3200	-26.6100	0.200	0.000	7.66
820.8400	847.8800	0.974600	383.3200	-12.7700	0.200	0.000	7.66
822.6600	849.5800	0.974600	383.3200	0.0000	0.200	0.000	7.66
824.4300	851.3900	0.966100	383.3200	-8.5100	0.200	0.000	7.66
826.1700	853.3500	0.964000	1217.7000	-2.1300	0.200	0.000	7.66
827.9200	855.3600	0.911800	1217.7000	-52.1500	0.200	0.000	7.66
829.6600	857.3800	0.828800	1217.7000	-83.0100	0.200	0.000	7.66
831.3700	859.3900	0.779900	1217.7000	-48.9500	0.200	0.000	7.66
833.0500	861.4000	0.779900	1217.7000	0.0000	0.200	0.000	7.66
834.7400	863.4400	0.787300	1217.7000	7.4500	0.200	0.000	7.66
836.4000	865.5100	0.854400	1217.7000	67.0500	0.200	0.000	7.66
838.0500	867.6100	0.891600	1217.7000	37.2500	0.200	0.000	7.66
839.7100	869.7400	0.782000	1217.7000	-109.6200	0.200	0.000	7.66
841.3600	871.9100	0.604300	983.6600	-177.7300	0.200	0.000	7.66
843.0200	874.0700	0.604300	983.6600	0.0000	0.200	0.000	7.66
844.6500	876.1200	0.554200	983.6600	-50.0200	0.200	0.000	7.66
846.2900	878.0000	0.686200	983.6600	131.9600	0.200	0.000	7.66
847.9600	879.7300	0.884200	983.6600	197.9500	0.200	0.000	7.66
849.6800	881.3700	0.951200	983.6600	67.0500	0.200	0.000	7.66
851.4300	882.8400	0.951200	983.6600	0.0000	0.200	0.000	7.66
853.1900	884.2400	0.896900	983.6600	-54.2800	0.200	0.000	7.66
854.9800	885.5900	0.933100	983.6600	36.1800	0.200	0.000	7.66
856.8200	887.0100	1.085300	983.6600	152.1800	0.200	0.000	7.66
858.6700	888.5200	1.201300	1576.2300	116.0000	0.200	0.000	7.66
860.5500	890.2000	1.172600	1576.2300	-28.7300	0.200	0.000	7.66
862.4600	892.0700	1.172600	1576.2300	0.0000	0.200	0.000	7.66
864.3800	893.9700	0.990600	1576.2300	-181.9800	0.200	0.000	7.66
866.2700	895.8600	0.757500	1576.2300	-233.0700	0.200	0.000	7.66
868.1400	897.7200	0.671300	1576.2300	-86.2000	0.200	0.000	7.66
870.0000	899.5300	0.766000	1576.2300	94.7200	0.200	0.000	7.66
871.7500	901.3900	0.858600	1576.2300	92.5900	0.200	0.000	7.66
873.5300	903.2800	0.858600	1576.2300	0.0000	0.200	0.000	7.66
875.2800	905.2000	0.904400	1576.2300	45.7600	0.200	0.000	7.66
877.0200	907.1100	0.967200	731.6700	62.7900	0.200	0.000	7.66
878.7300	909.0400	1.033100	731.6700	65.9800	0.200	0.000	7.66
880.4500	911.0800	1.014000	731.6700	-19.1600	0.200	0.000	7.66
882.1000	913.1500	0.933100	731.6700	-80.8800	0.200	0.000	7.66
883.8200	915.1900	0.933100	731.6700	0.0000	0.200	0.000	7.66
885.5300	917.0800	0.879900	731.6700	-53.2100	0.200	0.000	7.66
887.2300	918.8600	0.907600	731.6700	27.6700	0.200	0.000	7.66
888.8800	920.5100	1.103400	731.6700	195.8200	0.200	0.000	7.66
890.5400	922.0300	1.337500	731.6700	234.1300	0.200	0.000	7.66
892.1700	923.4600	1.476900	-209.8500	139.4100	0.200	0.000	7.66
893.7900	924.8200	1.476900	-209.8500	0.0000	0.200	0.000	7.66
895.4400	926.1700	1.583400	-209.8500	106.4200	0.200	0.000	7.66
897.1000	927.5300	1.575900	-209.8500	-7.4500	0.200	0.000	7.66
898.7700	929.0900	1.431200	-209.8500	-144.7300	0.200	0.000	7.66
900.5300	930.8800	1.325800	-209.8500	-105.3600	0.200	0.000	7.66
902.3000	932.8600	1.251300	-209.8500	-74.5000	0.200	0.000	7.66
904.1200	934.9100	1.251300	-209.8500	0.0000	0.200	0.000	7.66
905.9100	937.0000	1.151300	-209.8500	-100.0400	0.200	0.000	7.66
907.7100	939.0200	1.070400	-209.8500	-80.8800	0.200	0.000	7.66
909.5000	940.9500	0.949100	-518.1000	-121.3200	0.200	0.000	7.66
911.2800	942.9100	0.810700	-518.1000	-138.3500	0.200	0.000	7.66
913.0300	944.9000	0.784100	-518.1000	-26.6100	0.200	0.000	7.66
914.7300	946.9100	0.784100	-518.1000	0.0000	0.200	0.000	7.66
916.3800	948.9900	0.891600	-518.1000	107.4900	0.200	0.000	7.66
918.0800	951.1000	1.022500	-518.1000	130.9000	0.200	0.000	7.66
919.7700	953.2200	1.109800	-518.1000	87.2700	0.200	0.000	7.66
921.4700	955.3500	1.122500	-518.1000	12.7700	0.200	0.000	7.66
923.2200	957.4400	1.051200	-518.1000	-71.3000	0.200	0.000	7.66
924.9800	959.4800	1.051200	-518.1000	0.0000	0.200	0.000	7.66
926.7100	961.3700	0.978900	1833.0100	-72.3700	0.200	0.000	7.66
928.4100	963.0700	1.015100	1833.0100	36.1800	0.200	0.000	7.66
930.1000	964.6000	1.198100	1833.0100	183.0500	0.200	0.000	7.66
931.8200	966.0400	1.409900	1833.0100	211.7800	0.200	0.000	7.66
933.4900	967.4300	1.447100	1833.0100	37.2500	0.200	0.000	7.66
935.1700	968.8300	1.447100	1833.0100	0.0000	0.200	0.000	7.66
936.8800	970.3100	1.280000	1833.0100	-167.0800	0.200	0.000	7.66
938.6400	971.9800	1.098100	1833.0100	-181.9800	0.200	0.000	7.66
940.5100	973.8200	1.012900	1833.0100	-85.1400	0.200	0.000	7.66
942.5100	975.7100	0.976700	1843.7800	-36.1800	0.200	0.000	7.66
944.5000	977.6200	0.927800	1843.7800	-48.9500	0.200	0.000	7.66
946.5000	979.5600	0.927800	1843.7800	0.0000	0.200	0.000	7.66
948.4900	981.4500	0.906500	1843.7800	-21.2800	0.200	0.000	7.66
950.4400	983.4100	0.968200	1843.7800	61.7300	0.200	0.000	7.66
952.3400	985.4000	1.122500	1843.7800	154.3100	0.200	0.000	7.66
954.1900	987.4000	1.326900	1843.7800	204.3300	0.200	0.000	7.66
955.9900	989.3900	1.446100	1843.7800	119.1900	0.200	0.000	7.66
957.7400	991.3600	1.446100	1843.7800	0.0000	0.200	0.000	7.66
959.4600	993.3200	1.423700	1843.7800	-22.3500	0.200	0.000	7.66
961.1900	995.2700	1.266200	-88.9400	-157.5100	0.200	0.000	7.66
962.8900	997.2100	1.060800	-88.9400	-205.4000	0.200	0.000	7.66
964.6000	999.1400	0.982100	-88.9400	-78.7500	0.200	0.000	7.66
966.3400	1000.9800	1.012900	-88.9400	30.8600	0.200	0.000	7.66
968.0300	1002.6900	1.012900	-88.9400	0.0000	0.200	0.000	7.66
969.7300	1004.3100	1.018200	-88.9400	5.3200	0.200	0.000	7.66
971.4400	1005.9000	1.016100	-88.9400	-2.1300	0.200	0.000	7.66
973.1600	1007.4800	1.105500	-88.9400	89.3900	0.200	0.000	7.66
974.8700	1009.0500	1.322600	-88.9400	217.1000	0.200	0.000	7.66
976.5700	1010.6500	1.322600	-88.9400	0.0000	0.200	0.000	7.66
978.2600	1012.2800	1.505700	-73.3800	183.0500	0.200	0.000	7.66
980.0200	1014.0000	1.475900	-73.3800	-29.8000	0.200	0.000	7.66
981.8100	1015.7700	1.345000	-73.3800	-130.9000	0.200	0.000	7.66
983.6300	1017.6900	1.242800	-73.3800	-102.1700	0.200	0.000	7.66
985.4600	1019.7200	1.142800	-73.3800	-100.0400	0.200	0.000	7.66
987.3000	1021.8800	1.142800	-73.3800	0.0000	0.200	0.000	7.66
989.1300	1024.0500	1.023600	-73.3800	-119.1900	0.200	0.000	7.66
990.9500	1026.2600	0.986300	-73.3800	-37.2500	0.200	0.000	7.66
992.7600	1028.4400	1.022500	-73.3800	36.1800	0.200	0.000	7.66
994.5300	1030.6100	0.975700	594.6100	-46.8300	0.200	0.000	7.66
996.2900	1032.8000	0.886300	594.6100	-89.3900	0.200	0.000	7.66
998.0200	1035.0000	0.886300	594.6100	0.0000	0.200	0.000	7.66
999.7200	1037.1300	0.878800	594.6100	-7.4500	0.200	0.000	7.66
1001.4100	1039.1600	1.002300	594.6100	123.4500	0.200	0.000	7.66
1003.0700	1041.0400	1.208700	594.6100	206.4600	0.200	0.000	7.66
1004.7100	1042.8300	1.327900	594.6100	119.1900	0.200	0.000	7.66
1006.3800	1044.5100	1.242800	594.6100	-85.1400	0.200	0.000	7.66
1008.0600	1046.0800	1.242800	594.6100	0.0000	0.200	0.000	7.66
1009.7700	1047.6400	1.076800	594.6100	-166.0200	0.200	0.000	7.66
1011.4700	1049.2200	0.994800	2178.9700	-81.9500	0.200	0.000	7.66
1013.1800	1050.8100	0.986300	2178.9700	-8.5100	0.200	0.000	7.66
1014.9400	1052.4300	1.047000	2178.9700	60.6600	0.200	0.000	7.66
1016.7700	1054.1600	1.168300	2178.9700	121.3200	0.200	0.000	7.66
1018.6400	1055.9800	1.168300	2178.9700	0.0000	0.200	0.000	7.66
1020.5400	1057.8300	1.204500	2178.9700	36.1800	0.200	0.000	7.66
1022.4900	1059.6800	1.126800	2178.9700	-77.6900	0.200	0.000	7.66
1024.4900	1061.5600	1.054400	2178.9700	-72.3700	0.200	0.000	7.66
1026.4800	1063.4100	1.001200	2178.9700	-53.2100	0.200	0.000	7.66
1028.4800	1065.3300	0.950100	-864.6600	-51.0800	0.200	0.000	7.66
1030.4700	1067.3000	0.950100	-864.6600	0.0000	0.200	0.000	7.66
1032.4200	1069.3600	0.941600	-864.6600	-8.5100	0.200	0.000	7.66
1034.3200	1071.4300	1.095900	-864.6600	154.3100	0.200	0.000	7.66
1036.1700	1073.5200	1.310900	-864.6600	214.9700	0.200	0.000	7.66
1037.9900	1075.5400	1.365200	-864.6600	54.2800	0.200	0.000	7.66
1039.7800	1077.4700	1.304500	-864.6600	-60.6600	0.200	0.000	7.66
1041.5200	1079.3100	1.304500	-864.6600	0.0000	0.200	0.000	7.66
1043.2500	1081.0800	1.263000	-864.6600	-41.5000	0.200	0.000	7.66
1044.9900	1082.8400	1.263000	-864.6600	0.0000	0.200	0.000	7.66
1046.7200	1084.5700	1.218300	668.8300	-44.7000	0.200	0.000	7.66
1048.4800	1086.2900	1.151300	668.8300	-67.0500	0.200	0.000	7.66
1050.2500	1087.9800	1.116200	668.8300	-35.1200	0.200	0.000	7.66
1052.0100	1089.6600	1.116200	668.8300	0.0000	0.200	0.000	7.66
1053.7800	1091.3300	1.137400	668.8300	21.2800	0.200	0.000	7.66
1055.6000	1093.0100	1.229000	668.8300	91.5200	0.200	0.000	7.66
1057.4100	1094.7000	1.287500	668.8300	58.5300	0.200	0.000	7.66
1059.2500	1096.3800	1.287500	668.8300	0.0000	0.200	0.000	7.66
1061.1000	1098.0900	1.292800	668.8300	5.3200	0.200	0.000	7.66
1062.9800	1099.9300	1.292800	668.8300	0.0000	0.200	0.000	7.66
1064.8100	1101.8600	1.254500	1062.6700	-38.3100	0.200	0.000	7.66
1066.5800	1103.9000	1.105500	1062.6700	-148.9900	0.200	0.000	7.66
1068.3600	1106.0500	0.909700	1062.6700	-195.8200	0.200	0.000	7.66
1070.1500	1108.2600	0.811800	1062.6700	-97.9100	0.200	0.000	7.66
1071.9900	1110.4800	0.819200	1062.6700	7.4500	0.200	0.000	7.66
1073.8200	1112.6300	0.819200	1062.6700	0.0000	0.200	0.000	7.66
1075.6200	1114.7800	0.825600	1062.6700	6.3900	0.200	0.000	7.66
1077.4100	1116.9400	0.823500	1062.6700	-2.1300	0.200	0.000	7.66
1079.1500	1119.1300	0.830900	1062.6700	7.4500	0.200	0.000	7.66
1080.8600	1121.2600	0.859700	505.4200	28.7300	0.200	0.000	7.66
1082.5600	1123.2800	0.856500	505.4200	-3.1900	0.200	0.000	7.66
1084.2500	1125.1500	0.856500	505.4200	0.0000	0.200	0.000	7.66
1085.9500	1126.8700	0.828800	505.4200	-27.6700	0.200	0.000	7.66
1087.6200	1128.5200	0.815000	505.4200	-13.8300	0.200	0.000	7.66
1089.3200	1130.1000	0.816000	505.4200	1.0600	0.200	0.000	7.66
1091.0500	1131.6500	0.828800	505.4200	12.7700	0.200	0.000	7.66
1092.8500	1133.1900	0.838400	505.4200	9.5800	0.200	0.000	7.66
1094.6600	1134.7700	0.838400	505.4200	0.0000	0.200	0.000	7.66
1096.5000	1136.3800	0.849000	505.4200	10.6400	0.200	0.000	7.66
1098.3900	1138.1200	0.851200	1011.2000	2.1300	0.200	0.000	7.66
1100.3100	1139.9700	0.867100	1011.2000	15.9600	0.200	0.000	7.66
1102.3000	1141.8800	0.860700	1011.2000	-6.3900	0.200	0.000	7.66
1104.3300	1143.8200	0.860700	1011.2000	0.0000	0.200	0.000	7.66
1106.3500	1145.7700	0.800100	1011.2000	-60.6600	0.200	0.000	7.66
1108.3600	1147.8100	0.778800	1011.2000	-21.2800	0.200	0.000	7.66
1110.4000	1149.8600	0.813900	1011.2000	35.1200	0.200	0.000	7.66
1112.3900	1151.9200	0.799000	1011.2000	-14.9000	0.200	0.000	7.66
1114.3500	1154.0100	0.767100	1011.2000	-31.9300	0.200	0.000	7.66
1116.2800	1156.0800	0.767100	1011.2000	0.0000	0.200	0.000	7.66
1118.1500	1158.1000	0.801100	282.1600	34.0600	0.200	0.000	7.66
1119.9700	1159.9900	0.916100	282.1600	114.9400	0.200	0.000	7.66
1121.7600	1161.8100	1.020400	282.1600	104.2900	0.200	0.000	7.66
1123.5200	1163.5200	1.000200	282.1600	-20.2200	0.200	0.000	7.66
1125.2500	1165.2000	0.946900	282.1600	-53.2100	0.200	0.000	7.66
1126.9500	1166.8100	0.946900	282.1600	0.0000	0.200	0.000	7.66
1128.6200	1168.3900	0.920300	282.1600	-26.6100	0.200	0.000	7.66
1130.2800	1169.9800	0.846900	282.1600	-73.4300	0.200	0.000	7.66
1131.9900	1171.7200	0.697900	282.1600	-148.9900	0.200	0.000	7.66
1133.7900	1173.6700	0.553200	908.8500	-144.7300	0.200	0.000	7.66
1135.6400	1175.7500	0.445700	908.8500	-107.4900	0.200	0.000	7.66
1137.5400	1177.8400	0.445700	908.8500	0.0000	0.200	0.000	7.66
1139.4500	1179.8700	0.353100	908.8500	-92.5900	0.200	0.000	7.66
1141.4100	1181.7700	0.331800	908.8500	-21.2800	0.200	0.000	7.66
1143.3400	1183.5600	0.409500	908.8500	77.6900	0.200	0.000	7.66
1145.2500	1185.4200	0.526600	908.8500	117.0600	0.200	0.000	7.66
1147.1500	1187.4900	0.576600	908.8500	50.0200	0.200	0.000	7.66
1149.0200	1189.6700	0.576600	908.8500	0.0000	0.200	0.000	7.66
1150.8800	1191.9000	0.533000	908.8500	-43.6300	0.200	0.000	7.66
1152.7700	1194.1700	0.505300	-434.9000	-27.6700	0.200	0.000	7.66
1154.6700	1196.4500	0.554200	-434.9000	48.9500	0.200	0.000	7.66
1156.5200	1198.7400	0.621300	-434.9000	67.0500	0.200	0.000	7.66
1158.3200	1200.9900	0.595700	-434.9000	-25.5400	0.200	0.000	7.66
1160.0700	1203.0900	0.595700	-434.9000	0.0000	0.200	0.000	7.66
1161.8500	1204.9600	0.480800	-434.9000	-114.9400	0.200	0.000	7.66
1163.6000	1206.5800	0.429700	-434.9000	-51.0800	0.200	0.000	7.66
1165.3200	1208.0300	0.568100	-434.9000	138.3500	0.200	0.000	7.66
1167.0100	1209.4700	0.933100	-434.9000	365.0300	0.200	0.000	7.66
1168.6700	1210.9600	1.277900	-67.9900	344.8100	0.200	0.000	7.66
1170.3400	1212.6400	1.277900	-67.9900	0.0000	0.200	0.000	7.66
1172.0600	1214.5100	1.312000	-67.9900	34.0600	0.200	0.000	7.66
1173.7900	1216.5300	0.948000	-67.9900	-363.9700	0.200	0.000	7.66
1175.6100	1218.5000	0.381800	-67.9900	-566.1700	0.200	0.000	7.66
1177.5000	1220.3600	0.094500	-67.9900	-287.3400	0.200	0.000	7.66
1179.4500	1222.1700	0.283900	-67.9900	189.4300	0.200	0.000	7.66
1181.4500	1223.9100	0.283900	-67.9900	0.0000	0.200	0.000	7.66
1183.4400	1225.6400	0.631900	-67.9900	348.0000	0.200	0.000	7.66
1185.4600	1227.4100	0.761800	-67.9900	129.8400	0.200	0.000	7.66
1187.4900	1229.3900	0.719200	865.7500	-42.5700	0.200	0.000	7.66
1189.5700	1231.5200	0.672400	865.7500	-46.8300	0.200	0.000	7.66
1191.6000	1233.7000	0.621300	865.7500	-51.0800	0.200	0.000	7.66
1193.6100	1235.8500	0.621300	865.7500	0.0000	0.200	0.000	7.66
1195.6100	1237.9400	0.630900	865.7500	9.5800	0.200	0.000	7.66
1197.5600	1239.9800	0.671300	865.7500	40.4400	0.200	0.000	7.66
1199.4400	1241.9500	0.685100	865.7500	13.8300	0.200	0.000	7.66
1201.3100	1243.8700	0.690500	865.7500	5.3200	0.200	0.000	7.66
1203.1900	1245.7400	0.662800	865.7500	-27.6700	0.200	0.000	7.66
1205.0400	1247.5400	0.662800	865.7500	0.0000	0.200	0.000	7.66
1206.8500	1249.2100	0.618100	1231.4600	-44.7000	0.200	0.000	7.66
1208.6300	1250.7900	0.663900	1231.4600	45.7600	0.200	0.000	7.66
1210.4400	1252.3200	0.850100	1231.4600	186.2400	0.200	0.000	7.66
1212.2600	1253.9200	1.056600	1231.4600	206.4600	0.200	0.000	7.66
1214.0700	1255.6500	1.191700	1231.4600	135.1600	0.200	0.000	7.66
1215.9100	1257.5500	1.191700	1231.4600	0.0000	0.200	0.000	7.66
1217.7600	1259.6000	1.159800	1231.4600	-31.9300	0.200	0.000	7.66
1219.6400	1261.6900	0.908600	1231.4600	-251.1600	0.200	0.000	7.66
1221.5500	1263.8100	0.590400	1231.4600	-318.2000	0.200	0.000	7.66
1223.4500	1265.9400	0.391400	185.8000	-199.0100	0.200	0.000	7.66
1225.3200	1268.0800	0.391400	185.8000	0.0000	0.200	0.000	7.66
1227.2200	1270.1900	0.375500	185.8000	-15.9600	0.200	0.000	7.66
1229.1300	1272.3400	0.527600	185.8000	152.1800	0.200	0.000	7.66
1231.0800	1274.5600	0.684100	185.8000	156.4400	0.200	0.000	7.66
1232.9800	1276.8500	0.709600	185.8000	25.5400	0.200	0.000	7.66
1234.8700	1279.2000	0.650000	185.8000	-59.6000	0.200	0.000	7.66
1236.7300	1281.5200	0.650000	185.8000	0.0000	0.200	0.000	7.66
1238.5600	1283.7700	0.608500	185.8000	-41.5000	0.200	0.000	7.66
1240.4000	1285.9000	0.610600	185.8000	2.1300	0.200	0.000	7.66
1242.2100	1287.7800	0.618100	-289.4500	7.4500	0.200	0.000	7.66
1244.0100	1289.4300	0.614900	-289.4500	-3.1900	0.200	0.000	7.66
1245.7600	1290.9500	0.660700	-289.4500	45.7600	0.200	0.000	7.66
1247.4800	1292.4200	0.660700	-289.4500	0.0000	0.200	0.000	7.66
1249.1500	1293.9200	0.753300	-289.4500	92.5900	0.200	0.000	7.66
1250.8100	1295.5200	0.810700	-289.4500	57.4700	0.200	0.000	7.66
1252.4800	1297.2900	0.860700	-289.4500	50.0200	0.200	0.000	7.66
1254.1800	1299.2200	0.896900	-289.4500	36.1800	0.200	0.000	7.66
1255.9900	1301.1800	0.839500	-289.4500	-57.4700	0.200	0.000	7.66
1257.9100	1303.1300	0.839500	-289.4500	0.0000	0.200	0.000	7.66
1259.8600	1305.0700	0.670200	-570.1700	-169.2100	0.200	0.000	7.66
1261.8100	1306.9400	0.555300	-570.1700	-114.9400	0.200	0.000	7.66
1263.7500	1308.8800	0.594700	-570.1700	39.3800	0.200	0.000	7.66
1265.6600	1310.8100	0.678800	-570.1700	84.0700	0.200	0.000	7.66
1267.6200	1312.8300	0.744700	-570.1700	65.9800	0.200	0.000	7.66
1269.6300	1314.8800	0.744700	-570.1700	0.0000	0.200	0.000	7.66
1271.6700	1317.0300	0.791600	-570.1700	46.8300	0.200	0.000	7.66
1273.6800	1319.1900	0.818200	-570.1700	26.6100	0.200	0.000	7.66
1275.6700	1321.3600	0.841600	-570.1700	23.4100	0.200	0.000	7.66
1277.6300	1323.4900	0.867100	169.0400	25.5400	0.200	0.000	7.66
1279.5600	1325.5500	0.946900	169.0400	79.8200	0.200	0.000	7.66
1281.5000	1327.4800	0.946900	169.0400	0.0000	0.200	0.000	7.66
1283.3700	1329.2600	1.052300	169.0400	105.3600	0.200	0.000	7.66
1285.2300	1330.8900	1.113000	169.0400	60.6600	0.200	0.000	7.66
1287.0800	1332.3900	1.169400	169.0400	56.4000	0.200	0.000	7.66
1288.8800	1333.8400	1.276900	169.0400	107.4900	0.200	0.000	7.66
1290.6300	1335.2800	1.417300	169.0400	140.4800	0.200	0.000	7.66
1292.4400	1336.8600	1.417300	169.0400	0.0000	0.200	0.000	7.66
1294.2800	1338.7300	1.459900	169.0400	42.5700	0.200	0.000	7.66
1296.1300	1340.9000	1.351300	1069.8600	-108.5500	0.200	0.000	7.66
1298.0100	1343.1800	1.075700	1069.8600	-275.6300	0.200	0.000	7.66
1299.8600	1345.3500	0.738400	1069.8600	-337.3600	0.200	0.000	7.66
1301.7000	1347.4200	0.611700	1069.8600	-126.6400	0.200	0.000	7.66
1303.5100	1349.4400	0.611700	1069.8600	0.0000	0.200	0.000	7.66
1305.3500	1351.4500	0.718100	1069.8600	106.4200	0.200	0.000	7.66
1307.2000	1353.5100	0.927800	1069.8600	209.6500	0.200	0.000	7.66
1309.1200	1355.6000	1.116200	1069.8600	188.3700	0.200	0.000	7.66
1311.0700	1357.7500	1.126800	1069.8600	10.6400	0.200	0.000	7.66
1313.0200	1359.9100	0.970400	255.2300	-156.4400	0.200	0.000	7.66
1314.9800	1362.1800	0.970400	255.2300	0.0000	0.200	0.000	7.66
1316.9100	1364.4500	0.786200	255.2300	-184.1100	0.200	0.000	7.66
1318.7700	1366.7700	0.742600	255.2300	-43.6300	0.200	0.000	7.66
1320.6200	1369.1000	0.848000	255.2300	105.3600	0.200	0.000	7.66
1322.4400	1371.3100	0.901200	255.2300	53.2100	0.200	0.000	7.66
1324.2300	1373.2100	0.834100	255.2300	-67.0500	0.200	0.000	7.66
1326.0300	1374.7800	0.834100	255.2300	0.0000	0.200	0.000	7.66
1327.8000	1376.1800	0.828800	255.2300	-5.3200	0.200	0.000	7.66
1329.5800	1377.5200	0.949100	255.2300	120.2600	0.200	0.000	7.66
1331.3300	1378.9100	1.049100	-73.9700	100.0400	0.200	0.000	7.66
1333.0500	1380.5300	1.125700	-73.9700	76.6200	0.200	0.000	7.66
1334.7600	1382.4600	1.118300	-73.9700	-7.4500	0.200	0.000	7.66
1336.5400	1384.5600	1.118300	-73.9700	0.0000	0.200	0.000	7.66
1338.4300	1386.6300	0.950100	-73.9700	-168.1500	0.200	0.000	7.66
