# SYSID BEGIN dir=0 duty=0.600 samples=1000 dt=0.001 vbat=7.89
# enc[0]	enc[1]	gyro.z	accel.y	angular_accel	u.tra	u.rot	vbat
0.0000	0.0000	-0.001000	-10.7900	1.0600	0.600	0.000	7.89
0.0000	0.0000	0.000100	-10.7900	1.0600	0.600	0.000	7.89
0.0000	0.0000	0.000100	-10.7900	0.0000	0.600	0.000	7.89
0.0000	0.0000	0.002200	-10.7900	2.1300	0.600	0.000	7.89
0.0000	0.0000	0.005400	-10.7900	3.1900	0.600	0.000	7.89
0.0400	0.0000	0.005400	-10.7900	0.0000	0.600	0.000	7.89
0.1000	0.0000	0.001100	-10.7900	-4.2600	0.600	0.000	7.89
0.1400	0.0000	-0.010600	140.6400	-11.7100	0.600	0.000	7.89
0.1800	0.0000	-0.037200	140.6400	-26.6100	0.600	0.000	7.89
0.2000	0.0000	-0.084000	140.6400	-46.8300	0.600	0.000	7.89
0.2200	0.0000	-0.130800	140.6400	-46.8300	0.600	0.000	7.89
0.2400	0.0200	-0.130800	140.6400	0.0000	0.600	0.000	7.89
0.2600	0.0400	-0.151100	140.6400	-20.2200	0.600	0.000	7.89
0.3000	0.0800	-0.124500	140.6400	26.6100	0.600	0.000	7.89
0.3200	0.1000	-0.059500	140.6400	64.9200	0.600	0.000	7.89
0.3600	0.1200	0.000100	140.6400	59.6000	0.600	0.000	7.89
0.4000	0.1400	0.007500	1954.8500	7.4500	0.600	0.000	7.89
0.4200	0.1600	0.007500	1954.8500	0.0000	0.600	0.000	7.89
0.4400	0.1800	-0.036100	1954.8500	-43.6300	0.600	0.000	7.89
0.4600	0.1800	-0.088300	1954.8500	-52.1500	0.600	0.000	7.89
0.4800	0.2000	-0.113800	1954.8500	-25.5400	0.600	0.000	7.89
0.5000	0.2200	-0.102100	1954.8500	11.7100	0.600	0.000	7.89
0.5200	0.2400	-0.064900	1954.8500	37.2500	0.600	0.000	7.89
0.5400	0.2800	-0.064900	1954.8500	0.0000	0.600	0.000	7.89
0.5600	0.3000	-0.024400	1954.8500	40.4400	0.600	0.000	7.89
0.6000	0.3400	0.004300	1954.8500	28.7300	0.600	0.000	7.89
0.6200	0.3800	0.022400	900.8000	18.0900	0.600	0.000	7.89
0.6400	0.4200	0.038400	900.8000	15.9600	0.600	0.000	7.89
0.6800	0.4400	0.060700	900.8000	22.3500	0.600	0.000	7.89
0.7000	0.4800	0.060700	900.8000	0.0000	0.600	0.000	7.89
0.7400	0.5200	0.086300	900.8000	25.5400	0.600	0.000	7.89
0.7800	0.5600	0.107500	900.8000	21.2800	0.600	0.000	7.89
0.8000	0.6000	0.118200	900.8000	10.6400	0.600	0.000	7.89
0.8400	0.6600	0.129900	900.8000	11.7100	0.600	0.000	7.89
0.8800	0.7000	0.129900	900.8000	0.0000	0.600	0.000	7.89
0.9200	0.7600	0.148000	900.8000	18.0900	0.600	0.000	7.89
0.9600	0.8000	0.173500	1101.9100	25.5400	0.600	0.000	7.89
1.0000	0.8600	0.196900	1101.9100	23.4100	0.600	0.000	7.89
1.0400	0.9200	0.216100	1101.9100	19.1600	0.600	0.000	7.89
1.0800	0.9800	0.232100	1101.9100	15.9600	0.600	0.000	7.89
1.1200	1.0400	0.232100	1101.9100	0.0000	0.600	0.000	7.89
1.1600	1.1000	0.251200	1101.9100	19.1600	0.600	0.000	7.89
1.2000	1.1600	0.273600	1101.9100	22.3500	0.600	0.000	7.89
1.2400	1.2200	0.294800	1101.9100	21.2800	0.600	0.000	7.89
1.2800	1.2800	0.311900	1101.9100	17.0300	0.600	0.000	7.89
1.3200	1.3400	0.324600	858.9000	12.7700	0.600	0.000	7.89
1.3600	1.4000	0.324600	858.9000	0.0000	0.600	0.000	7.89
1.4000	1.4800	0.330000	858.9000	5.3200	0.600	0.000	7.89
1.4400	1.5600	0.333200	858.9000	3.1900	0.600	0.000	7.89
1.4800	1.6200	0.342700	858.9000	9.5800	0.600	0.000	7.89
1.5200	1.7000	0.366200	858.9000	23.4100	0.600	0.000	7.89
1.5600	1.7700	0.392800	858.9000	26.6100	0.600	0.000	7.89
1.6200	1.8300	0.392800	858.9000	0.0000	0.600	0.000	7.89
1.6600	1.9100	0.405500	858.9000	12.7700	0.600	0.000	7.89
1.7000	1.9700	0.401300	858.9000	-4.2600	0.600	0.000	7.89
1.7500	2.0500	0.385300	708.6700	-15.9600	0.600	0.000	7.89
1.8100	2.1300	0.368300	708.6700	-17.0300	0.600	0.000	7.89
1.8700	2.2100	0.355500	708.6700	-12.7700	0.600	0.000	7.89
1.9300	2.2700	0.355500	708.6700	0.0000	0.600	0.000	7.89
1.9900	2.3700	0.349100	708.6700	-6.3900	0.600	0.000	7.89
2.0500	2.4500	0.338500	708.6700	-10.6400	0.600	0.000	7.89
2.1100	2.5300	0.315100	708.6700	-23.4100	0.600	0.000	7.89
2.1700	2.6100	0.283100	708.6700	-31.9300	0.600	0.000	7.89
2.2500	2.6900	0.252300	708.6700	-30.8600	0.600	0.000	7.89
2.3300	2.7700	0.252300	708.6700	0.0000	0.600	0.000	7.89
2.3900	2.8500	0.222500	1045.0500	-29.8000	0.600	0.000	7.89
2.4700	2.9300	0.190600	1045.0500	-31.9300	0.600	0.000	7.89
2.5500	3.0100	0.154400	1045.0500	-36.1800	0.600	0.000	7.89
2.6100	3.0700	0.107500	1045.0500	-46.8300	0.600	0.000	7.89
2.6900	3.1500	0.051100	1045.0500	-56.4000	0.600	0.000	7.89
2.7700	3.2100	0.051100	1045.0500	0.0000	0.600	0.000	7.89
2.8500	3.2900	-0.008500	1045.0500	-59.6000	0.600	0.000	7.89
2.9300	3.3500	-0.063800	1045.0500	-55.3400	0.600	0.000	7.89
3.0100	3.4100	-0.114900	1045.0500	-51.0800	0.600	0.000	7.89
3.1100	3.4900	-0.164900	1001.9600	-50.0200	0.600	0.000	7.89
3.2100	3.5500	-0.209600	1001.9600	-44.7000	0.600	0.000	7.89
3.2900	3.6300	-0.209600	1001.9600	0.0000	0.600	0.000	7.89
3.3900	3.7100	-0.243700	1001.9600	-34.0600	0.600	0.000	7.89
3.4900	3.7900	-0.268100	1001.9600	-24.4800	0.600	0.000	7.89
3.5700	3.8700	-0.293700	1001.9600	-25.5400	0.600	0.000	7.89
3.6700	3.9300	-0.324500	1001.9600	-30.8600	0.600	0.000	7.89
3.7700	3.9900	-0.341600	1001.9600	-17.0300	0.600	0.000	7.89
3.8700	4.0700	-0.341600	1001.9600	0.0000	0.600	0.000	7.89
3.9700	4.1500	-0.335200	1001.9600	6.3900	0.600	0.000	7.89
4.0700	4.2300	-0.320300	697.8900	14.9000	0.600	0.000	7.89
4.1700	4.3100	-0.309600	697.8900	10.6400	0.600	0.000	7.89
4.2700	4.4100	-0.301100	697.8900	8.5100	0.600	0.000	7.89
4.3700	4.4900	-0.285200	697.8900	15.9600	0.600	0.000	7.89
4.4700	4.5900	-0.285200	697.8900	0.0000	0.600	0.000	7.89
4.5700	4.6700	-0.258500	697.8900	26.6100	0.600	0.000	7.89
4.6500	4.7700	-0.220200	697.8900	38.3100	0.600	0.000	7.89
4.7500	4.8900	-0.175500	697.8900	44.7000	0.600	0.000	7.89
4.8300	4.9900	-0.130800	697.8900	44.7000	0.600	0.000	7.89
4.9300	5.1100	-0.089300	815.8100	41.5000	0.600	0.000	7.89
5.0100	5.2000	-0.089300	815.8100	0.0000	0.600	0.000	7.89
5.1100	5.3200	-0.047800	815.8100	41.5000	0.600	0.000	7.89
5.2000	5.4200	0.004300	815.8100	52.1500	0.600	0.000	7.89
5.3000	5.5200	0.070300	815.8100	65.9800	0.600	0.000	7.89
5.3800	5.6400	0.142700	815.8100	72.3700	0.600	0.000	7.89
5.4800	5.7600	0.210800	815.8100	68.1100	0.600	0.000	7.89
5.5800	5.9000	0.210800	815.8100	0.0000	0.600	0.000	7.89
5.6800	6.0400	0.267200	815.8100	56.4000	0.600	0.000	7.89
5.7800	6.1800	0.312900	815.8100	45.7600	0.600	0.000	7.89
5.8800	6.3400	0.357600	976.2200	44.7000	0.600	0.000	7.89
6.0000	6.4800	0.398100	976.2200	40.4400	0.600	0.000	7.89
6.0800	6.6000	0.425700	976.2200	27.6700	0.600	0.000	7.89
6.1800	6.7400	0.425700	976.2200	0.0000	0.600	0.000	7.89
6.2800	6.8600	0.435300	976.2200	9.5800	0.600	0.000	7.89
6.3800	7.0000	0.423600	976.2200	-11.7100	0.600	0.000	7.89
6.4800	7.1400	0.388500	976.2200	-35.1200	0.600	0.000	7.89
6.5800	7.2800	0.343800	976.2200	-44.7000	0.600	0.000	7.89
6.6800	7.4000	0.301200	976.2200	-42.5700	0.600	0.000	7.89
6.7800	7.5400	0.301200	976.2200	0.0000	0.600	0.000	7.89
6.9000	7.6800	0.261900	1052.2300	-39.3800	0.600	0.000	7.89
7.0000	7.8200	0.215000	1052.2300	-46.8300	0.600	0.000	7.89
7.1200	7.9600	0.165000	1052.2300	-50.0200	0.600	0.000	7.89
7.2600	8.1200	0.125600	1052.2300	-39.3800	0.600	0.000	7.89
7.3800	8.2600	0.098000	1052.2300	-27.6700	0.600	0.000	7.89
7.5200	8.4000	0.098000	1052.2300	0.0000	0.600	0.000	7.89
7.6600	8.5400	0.078800	1052.2300	-19.1600	0.600	0.000	7.89
7.8000	8.6700	0.071400	1052.2300	-7.4500	0.600	0.000	7.89
7.9200	8.8300	0.077700	1052.2300	6.3900	0.600	0.000	7.89
8.0400	8.9700	0.085200	1065.4000	7.4500	0.600	0.000	7.89
8.1600	9.1300	0.085200	1065.4000	0.0000	0.600	0.000	7.89
8.2800	9.2900	0.079900	1065.4000	-5.3200	0.600	0.000	7.89
8.4000	9.4300	0.070300	1065.4000	-9.5800	0.600	0.000	7.89
8.5200	9.5900	0.073500	1065.4000	3.1900	0.600	0.000	7.89
8.6500	9.7300	0.088400	1065.4000	14.9000	0.600	0.000	7.89
8.7700	9.8900	0.102200	1065.4000	13.8300	0.600	0.000	7.89
8.9100	10.0300	0.102200	1065.4000	0.0000	0.600	0.000	7.89
9.0300	10.1900	0.117100	1065.4000	14.9000	0.600	0.000	7.89
9.1700	10.3500	0.132000	1065.4000	14.9000	0.600	0.000	7.89
9.2900	10.5100	0.149000	773.3100	17.0300	0.600	0.000	7.89
9.4300	10.6700	0.167100	773.3100	18.0900	0.600	0.000	7.89
9.5700	10.8300	0.194800	773.3100	27.6700	0.600	0.000	7.89
9.7100	10.9900	0.194800	773.3100	0.0000	0.600	0.000	7.89
9.8500	11.1500	0.225700	773.3100	30.8600	0.600	0.000	7.89
9.9900	11.2900	0.229900	773.3100	4.2600	0.600	0.000	7.89
10.1300	11.4500	0.187400	773.3100	-42.5700	0.600	0.000	7.89
10.2700	11.6100	0.108600	773.3100	-78.7500	0.600	0.000	7.89
10.4100	11.7900	0.029900	773.3100	-78.7500	0.600	0.000	7.89
10.5500	11.9500	0.029900	773.3100	0.0000	0.600	0.000	7.89
10.6900	12.1000	-0.032900	652.4000	-62.7900	0.600	0.000	7.89
10.8300	12.2800	-0.075500	652.4000	-42.5700	0.600	0.000	7.89
10.9700	12.4600	-0.101000	652.4000	-25.5400	0.600	0.000	7.89
11.1300	12.6200	-0.121300	652.4000	-20.2200	0.600	0.000	7.89
11.2900	12.8000	-0.125500	652.4000	-4.2600	0.600	0.000	7.89
11.4500	12.9800	-0.125500	652.4000	0.0000	0.600	0.000	7.89
11.6100	13.1600	-0.106400	652.4000	19.1600	0.600	0.000	7.89
11.7500	13.3200	-0.067000	652.4000	39.3800	0.600	0.000	7.89
11.9100	13.5000	-0.029700	652.4000	37.2500	0.600	0.000	7.89
12.0400	13.6800	-0.008500	883.4400	21.2800	0.600	0.000	7.89
12.2000	13.8400	-0.002100	883.4400	6.3900	0.600	0.000	7.89
12.3600	14.0000	-0.002100	883.4400	0.0000	0.600	0.000	7.89
12.5000	14.1800	-0.001000	883.4400	1.0600	0.600	0.000	7.89
12.6600	14.3400	0.004300	883.4400	5.3200	0.600	0.000	7.89
12.8200	14.5400	0.019200	883.4400	14.9000	0.600	0.000	7.89
12.9800	14.7200	0.052200	883.4400	32.9900	0.600	0.000	7.89
13.1200	14.9200	0.093700	883.4400	41.5000	0.600	0.000	7.89
13.2800	15.1000	0.093700	883.4400	0.0000	0.600	0.000	7.89
13.4400	15.3000	0.111800	883.4400	18.0900	0.600	0.000	7.89
13.6200	15.4900	0.106500	729.0200	-5.3200	0.600	0.000	7.89
13.7800	15.6900	0.094800	729.0200	-11.7100	0.600	0.000	7.89
13.9400	15.8500	0.080900	729.0200	-13.8300	0.600	0.000	7.89
14.1000	16.0300	0.065000	729.0200	-15.9600	0.600	0.000	7.89
14.2600	16.2300	0.065000	729.0200	0.0000	0.600	0.000	7.89
14.4200	16.4300	0.046900	729.0200	-18.0900	0.600	0.000	7.89
14.5800	16.6300	0.034100	729.0200	-12.7700	0.600	0.000	7.89
14.7400	16.8300	0.029900	729.0200	-4.2600	0.600	0.000	7.89
14.9000	17.0100	0.034100	729.0200	4.2600	0.600	0.000	7.89
15.0600	17.2300	0.049000	890.0300	14.9000	0.600	0.000	7.89
15.2400	17.4900	0.049000	890.0300	0.0000	0.600	0.000	7.89
15.4000	17.7100	0.083100	890.0300	34.0600	0.600	0.000	7.89
15.5700	17.9100	0.134100	890.0300	51.0800	0.600	0.000	7.89
15.7300	18.0900	0.188400	890.0300	54.2800	0.600	0.000	7.89
15.8900	18.2700	0.231000	890.0300	42.5700	0.600	0.000	7.89
16.0500	18.4900	0.256500	890.0300	25.5400	0.600	0.000	7.89
16.2100	18.7100	0.256500	890.0300	0.0000	0.600	0.000	7.89
16.3500	18.9000	0.272500	890.0300	15.9600	0.600	0.000	7.89
16.5100	19.1000	0.284200	890.0300	11.7100	0.600	0.000	7.89
16.6700	19.3000	0.297000	166.3800	12.7700	0.600	0.000	7.89
16.8300	19.5000	0.314000	166.3800	17.0300	0.600	0.000	7.89
16.9900	19.7000	0.318300	166.3800	4.2600	0.600	0.000	7.89
17.1700	19.9000	0.318300	166.3800	0.0000	0.600	0.000	7.89
17.3500	20.1200	0.301200	166.3800	-17.0300	0.600	0.000	7.89
17.5300	20.3400	0.283100	166.3800	-18.0900	0.600	0.000	7.89
17.6900	20.5400	0.267200	166.3800	-15.9600	0.600	0.000	7.89
17.8500	20.7600	0.226700	166.3800	-40.4400	0.600	0.000	7.89
18.0100	20.9800	0.153300	166.3800	-73.4300	0.600	0.000	7.89
18.1700	21.2000	0.153300	166.3800	0.0000	0.600	0.000	7.89
18.3300	21.4200	0.084100	514.7400	-69.1700	0.600	0.000	7.89
18.4900	21.6400	0.054300	514.7400	-29.8000	0.600	0.000	7.89
18.6700	21.8600	0.063900	514.7400	9.5800	0.600	0.000	7.89
18.8300	22.0800	0.089500	514.7400	25.5400	0.600	0.000	7.89
19.0000	22.2700	0.108600	514.7400	19.1600	0.600	0.000	7.89
19.2000	22.4900	0.108600	514.7400	0.0000	0.600	0.000	7.89
19.3800	22.6900	0.134100	514.7400	25.5400	0.600	0.000	7.89
19.5600	22.9100	0.163900	514.7400	29.8000	0.600	0.000	7.89
19.7200	23.1300	0.178800	514.7400	14.9000	0.600	0.000	7.89
19.9000	23.3700	0.174600	777.5000	-4.2600	0.600	0.000	7.89
20.0800	23.6100	0.162900	777.5000	-11.7100	0.600	0.000	7.89
20.2600	23.8500	0.162900	777.5000	0.0000	0.600	0.000	7.89
20.4400	24.0900	0.166100	777.5000	3.1900	0.600	0.000	7.89
20.6400	24.3300	0.194800	777.5000	28.7300	0.600	0.000	7.89
20.8200	24.5300	0.221400	777.5000	26.6100	0.600	0.000	7.89
21.0000	24.7300	0.220400	777.5000	-1.0600	0.600	0.000	7.89
21.1600	24.9300	0.195900	777.5000	-24.4800	0.600	0.000	7.89
21.3400	25.1300	0.195900	777.5000	0.0000	0.600	0.000	7.89
21.5200	25.3700	0.168200	777.5000	-27.6700	0.600	0.000	7.89
21.6800	25.5900	0.156500	507.5500	-11.7100	0.600	0.000	7.89
21.8600	25.8400	0.163900	507.5500	7.4500	0.600	0.000	7.89
22.0200	26.0800	0.181000	507.5500	17.0300	0.600	0.000	7.89
22.2000	26.3000	0.218200	507.5500	37.2500	0.600	0.000	7.89
22.3700	26.5200	0.218200	507.5500	0.0000	0.600	0.000	7.89
22.5500	26.7200	0.269300	507.5500	51.0800	0.600	0.000	7.89
22.7500	26.9200	0.310800	507.5500	41.5000	0.600	0.000	7.89
22.9100	27.1200	0.330000	507.5500	19.1600	0.600	0.000	7.89
23.0900	27.3400	0.325700	507.5500	-4.2600	0.600	0.000	7.89
23.2700	27.5600	0.304400	401.6100	-21.2800	0.600	0.000	7.89
23.4500	27.8000	0.304400	401.6100	0.0000	0.600	0.000	7.89
23.6100	28.0200	0.278900	401.6100	-25.5400	0.600	0.000	7.89
23.7900	28.2600	0.265000	401.6100	-13.8300	0.600	0.000	7.89
23.9500	28.4800	0.266100	401.6100	1.0600	0.600	0.000	7.89
24.1300	28.7000	0.256500	401.6100	-9.5800	0.600	0.000	7.89
24.3100	28.9200	0.221400	401.6100	-35.1200	0.600	0.000	7.89
24.5100	29.1100	0.221400	401.6100	0.0000	0.600	0.000	7.89
24.7100	29.3300	0.185200	401.6100	-36.1800	0.600	0.000	7.89
24.9100	29.5500	0.174600	401.6100	-10.6400	0.600	0.000	7.89
25.1100	29.7900	0.186300	370.4800	11.7100	0.600	0.000	7.89
25.2900	30.0300	0.208600	370.4800	22.3500	0.600	0.000	7.89
25.4900	30.2700	0.224600	370.4800	15.9600	0.600	0.000	7.89
25.6700	30.4900	0.224600	370.4800	0.0000	0.600	0.000	7.89
25.8200	30.6900	0.219300	370.4800	-5.3200	0.600	0.000	7.89
26.0000	30.8700	0.202300	370.4800	-17.0300	0.600	0.000	7.89
26.1600	31.0300	0.192700	370.4800	-9.5800	0.600	0.000	7.89
26.3400	31.1900	0.200100	370.4800	7.4500	0.600	0.000	7.89
26.5400	31.3500	0.200100	370.4800	0.0000	0.600	0.000	7.89
26.7400	31.5500	0.219300	370.4800	19.1600	0.600	0.000	7.89
26.9600	31.7500	0.235300	976.8200	15.9600	0.600	0.000	7.89
27.1600	31.9700	0.250100	976.8200	14.9000	0.600	0.000	7.89
27.3600	32.1900	0.270400	976.8200	20.2200	0.600	0.000	7.89
27.5400	32.4300	0.277800	976.8200	7.4500	0.600	0.000	7.89
27.7200	32.6200	0.277800	976.8200	0.0000	0.600	0.000	7.89
27.9200	32.8400	0.241600	976.8200	-36.1800	0.600	0.000	7.89
28.1000	33.0400	0.174600	976.8200	-67.0500	0.600	0.000	7.89
28.3000	33.2400	0.118200	976.8200	-56.4000	0.600	0.000	7.89
28.5000	33.4000	0.102200	976.8200	-15.9600	0.600	0.000	7.89
28.7200	33.6000	0.127800	335.1700	25.5400	0.600	0.000	7.89
28.9200	33.8200	0.127800	335.1700	0.0000	0.600	0.000	7.89
29.1100	34.0400	0.160800	335.1700	32.9900	0.600	0.000	7.89
29.3100	34.2600	0.178800	335.1700	18.0900	0.600	0.000	7.89
29.4900	34.4400	0.185200	335.1700	6.3900	0.600	0.000	7.89
29.6700	34.6000	0.175700	335.1700	-9.5800	0.600	0.000	7.89
29.8500	34.7400	0.149000	335.1700	-26.6100	0.600	0.000	7.89
30.0300	34.8600	0.149000	335.1700	0.0000	0.600	0.000	7.89
30.2100	34.9800	0.124600	335.1700	-24.4800	0.600	0.000	7.89
30.4100	35.1200	0.119200	335.1700	-5.3200	0.600	0.000	7.89
30.6100	35.3200	0.129900	311.2300	10.6400	0.600	0.000	7.89
30.8300	35.5200	0.142700	311.2300	12.7700	0.600	0.000	7.89
31.0300	35.7600	0.156500	311.2300	13.8300	0.600	0.000	7.89
31.2300	36.0100	0.156500	311.2300	0.0000	0.600	0.000	7.89
31.4300	36.2700	0.156500	311.2300	0.0000	0.600	0.000	7.89
31.6300	36.5100	0.103300	311.2300	-53.2100	0.600	0.000	7.89
31.8300	36.7500	0.004300	311.2300	-98.9700	0.600	0.000	7.89
32.0300	36.9900	-0.073400	311.2300	-77.6900	0.600	0.000	7.89
32.2300	37.2100	-0.075500	311.2300	-2.1300	0.600	0.000	7.89
32.4500	37.4300	-0.075500	311.2300	0.0000	0.600	0.000	7.89
32.6800	37.6500	-0.004200	1022.9000	71.3000	0.600	0.000	7.89
32.9000	37.8500	0.091600	1022.9000	95.7800	0.600	0.000	7.89
33.1200	38.0300	0.162900	1022.9000	71.3000	0.600	0.000	7.89
33.3400	38.2300	0.186300	1022.9000	23.4100	0.600	0.000	7.89
33.5600	38.4500	0.135200	1022.9000	-51.0800	0.600	0.000	7.89
33.7600	38.6900	0.135200	1022.9000	0.0000	0.600	0.000	7.89
33.9600	38.9500	0.035200	1022.9000	-100.0400	0.600	0.000	7.89
34.2000	39.1900	-0.019100	1022.9000	-54.2800	0.600	0.000	7.89
34.4400	39.4000	0.027700	1022.9000	46.8300	0.600	0.000	7.89
34.6800	39.6000	0.144800	1157.5800	117.0600	0.600	0.000	7.89
34.9000	39.7800	0.253300	1157.5800	108.5500	0.600	0.000	7.89
35.1200	39.9600	0.253300	1157.5800	0.0000	0.600	0.000	7.89
35.3400	40.1400	0.295900	1157.5800	42.5700	0.600	0.000	7.89
35.5400	40.3600	0.257600	1157.5800	-38.3100	0.600	0.000	7.89
35.7400	40.5800	0.158600	1157.5800	-98.9700	0.600	0.000	7.89
35.9400	40.8400	0.070300	1157.5800	-88.3300	0.600	0.000	7.89
36.1500	41.1000	0.066000	1157.5800	-4.2600	0.600	0.000	7.89
36.3700	41.3400	0.066000	1157.5800	0.0000	0.600	0.000	7.89
36.5900	41.6000	0.153300	1157.5800	87.2700	0.600	0.000	7.89
36.8100	41.8400	0.277800	307.0400	124.5100	0.600	0.000	7.89
37.0300	42.0600	0.358700	307.0400	80.8800	0.600	0.000	7.89
37.2500	42.2600	0.365100	307.0400	6.3900	0.600	0.000	7.89
37.4700	42.4600	0.327800	307.0400	-37.2500	0.600	0.000	7.89
37.7100	42.6600	0.327800	307.0400	0.0000	0.600	0.000	7.89
37.9500	42.8900	0.297000	307.0400	-30.8600	0.600	0.000	7.89
38.1900	43.1100	0.309700	307.0400	12.7700	0.600	0.000	7.89
38.4500	43.3500	0.356600	307.0400	46.8300	0.600	0.000	7.89
38.6900	43.6100	0.397000	307.0400	40.4400	0.600	0.000	7.89
38.9100	43.8700	0.400200	1167.1600	3.1900	0.600	0.000	7.89
39.1500	44.1300	0.400200	1167.1600	0.0000	0.600	0.000	7.89
39.3700	44.4100	0.347000	1167.1600	-53.2100	0.600	0.000	7.89
39.6000	44.6700	0.254400	1167.1600	-92.5900	0.600	0.000	7.89
39.8400	44.9100	0.188400	1167.1600	-65.9800	0.600	0.000	7.89
40.1000	45.1500	0.193700	1167.1600	5.3200	0.600	0.000	7.89
40.3600	45.3900	0.265000	1167.1600	71.3000	0.600	0.000	7.89
40.6000	45.6100	0.265000	1167.1600	0.0000	0.600	0.000	7.89
40.8600	45.8700	0.345900	1167.1600	80.8800	0.600	0.000	7.89
41.1200	46.1500	0.384200	1167.1600	38.3100	0.600	0.000	7.89
41.3800	46.4200	0.365100	1004.3500	-19.1600	0.600	0.000	7.89
41.6400	46.7000	0.307600	1004.3500	-57.4700	0.600	0.000	7.89
41.9000	46.9800	0.268200	1004.3500	-39.3800	0.600	0.000	7.89
42.1600	47.2200	0.268200	1004.3500	0.0000	0.600	0.000	7.89
42.4000	47.4800	0.274600	1004.3500	6.3900	0.600	0.000	7.89
42.6600	47.7200	0.302300	1004.3500	27.6700	0.600	0.000	7.89
42.8900	47.9800	0.309700	1004.3500	7.4500	0.600	0.000	7.89
43.1500	48.2600	0.289500	1004.3500	-20.2200	0.600	0.000	7.89
43.3900	48.5400	0.255500	1004.3500	-34.0600	0.600	0.000	7.89
43.6300	48.8000	0.255500	1004.3500	0.0000	0.600	0.000	7.89
43.8900	49.0800	0.224600	704.4800	-30.8600	0.600	0.000	7.89
44.1300	49.3600	0.220400	704.4800	-4.2600	0.600	0.000	7.89
44.3700	49.6400	0.253300	704.4800	32.9900	0.600	0.000	7.89
44.6300	49.9300	0.292700	704.4800	39.3800	0.600	0.000	7.89
44.8900	50.2100	0.306600	704.4800	13.8300	0.600	0.000	7.89
45.1500	50.4900	0.306600	704.4800	0.0000	0.600	0.000	7.89
45.4300	50.7500	0.300200	704.4800	-6.3900	0.600	0.000	7.89
45.6900	51.0300	0.283100	704.4800	-17.0300	0.600	0.000	7.89
45.9500	51.3100	0.258700	704.4800	-24.4800	0.600	0.000	7.89
46.2200	51.6300	0.218200	764.3300	-40.4400	0.600	0.000	7.89
46.5000	51.9300	0.166100	764.3300	-52.1500	0.600	0.000	7.89
46.7800	52.2500	0.166100	764.3300	0.0000	0.600	0.000	7.89
47.0600	52.5500	0.150100	764.3300	-15.9600	0.600	0.000	7.89
47.3400	52.8300	0.186300	764.3300	36.1800	0.600	0.000	7.89
47.6200	53.1200	0.234200	764.3300	47.8900	0.600	0.000	7.89
47.9000	53.4400	0.262900	764.3300	28.7300	0.600	0.000	7.89
48.1800	53.7400	0.274600	764.3300	11.7100	0.600	0.000	7.89
48.4600	54.0400	0.274600	764.3300	0.0000	0.600	0.000	7.89
48.7400	54.3600	0.276800	764.3300	2.1300	0.600	0.000	7.89
49.0400	54.6600	0.267200	803.8400	-9.5800	0.600	0.000	7.89
49.3200	54.9800	0.248000	803.8400	-19.1600	0.600	0.000	7.89
49.5800	55.3000	0.223500	803.8400	-24.4800	0.600	0.000	7.89
49.8500	55.6000	0.182000	803.8400	-41.5000	0.600	0.000	7.89
50.1300	55.9200	0.182000	803.8400	0.0000	0.600	0.000	7.89
50.4300	56.2800	0.125600	803.8400	-56.4000	0.600	0.000	7.89
50.7300	56.5900	0.102200	803.8400	-23.4100	0.600	0.000	7.89
51.0300	56.9100	0.157600	803.8400	55.3400	0.600	0.000	7.89
51.3300	57.2100	0.255500	803.8400	97.9100	0.600	0.000	7.89
51.6100	57.5300	0.314000	511.1400	58.5300	0.600	0.000	7.89
51.9100	57.8700	0.314000	511.1400	0.0000	0.600	0.000	7.89
52.2300	58.2300	0.302300	511.1400	-11.7100	0.600	0.000	7.89
52.5300	58.5500	0.251200	511.1400	-51.0800	0.600	0.000	7.89
52.8500	58.8700	0.233100	511.1400	-18.0900	0.600	0.000	7.89
53.1600	59.1900	0.273600	511.1400	40.4400	0.600	0.000	7.89
53.4800	59.5300	0.316100	511.1400	42.5700	0.600	0.000	7.89
53.7800	59.8700	0.316100	511.1400	0.0000	0.600	0.000	7.89
54.0800	60.2200	0.297000	511.1400	-19.1600	0.600	0.000	7.89
54.3800	60.5600	0.214000	511.1400	-83.0100	0.600	0.000	7.89
54.7000	60.8800	0.133100	790.6700	-80.8800	0.600	0.000	7.89
55.0400	61.2200	0.125600	790.6700	-7.4500	0.600	0.000	7.89
55.3600	61.5600	0.217200	790.6700	91.5200	0.600	0.000	7.89
55.7000	61.8800	0.217200	790.6700	0.0000	0.600	0.000	7.89
56.0400	62.2200	0.348100	790.6700	130.9000	0.600	0.000	7.89
56.3800	62.5600	0.411900	790.6700	63.8500	0.600	0.000	7.89
56.7100	62.9200	0.372500	790.6700	-39.3800	0.600	0.000	7.89
57.0500	63.2800	0.275700	790.6700	-96.8400	0.600	0.000	7.89
57.3900	63.6100	0.275700	790.6700	0.0000	0.600	0.000	7.89
57.7300	63.9700	0.190600	790.6700	-85.1400	0.600	0.000	7.89
58.0700	64.3300	0.139500	994.1700	-51.0800	0.600	0.000	7.89
58.4100	64.6700	0.144800	994.1700	5.3200	0.600	0.000	7.89
58.7500	64.9900	0.228900	994.1700	84.0700	0.600	0.000	7.89
59.0900	65.3300	0.344900	994.1700	116.0000	0.600	0.000	7.89
59.4500	65.6700	0.344900	994.1700	0.0000	0.600	0.000	7.89
59.7900	66.0300	0.403400	994.1700	58.5300	0.600	0.000	7.89
60.1400	66.3900	0.389600	994.1700	-13.8300	0.600	0.000	7.89
60.5000	66.7300	0.372500	994.1700	-17.0300	0.600	0.000	7.89
60.8600	67.0600	0.401300	994.1700	28.7300	0.600	0.000	7.89
61.2200	67.4000	0.452400	489.6000	51.0800	0.600	0.000	7.89
61.5600	67.7400	0.452400	489.6000	0.0000	0.600	0.000	7.89
61.9000	68.0800	0.465100	489.6000	12.7700	0.600	0.000	7.89
62.2200	68.4400	0.423600	489.6000	-41.5000	0.600	0.000	7.89
62.5400	68.7800	0.367200	489.6000	-56.4000	0.600	0.000	7.89
62.8400	69.1200	0.340600	489.6000	-26.6100	0.600	0.000	7.89
63.2000	69.4400	0.381000	489.6000	40.4400	0.600	0.000	7.89
63.5300	69.7600	0.381000	489.6000	0.0000	0.600	0.000	7.89
63.8900	70.0600	0.453400	489.6000	72.3700	0.600	0.000	7.89
64.2500	70.3500	0.497000	489.6000	43.6300	0.600	0.000	7.89
64.6100	70.6500	0.508800	1000.7600	11.7100	0.600	0.000	7.89
64.9500	70.9500	0.492800	1000.7600	-15.9600	0.600	0.000	7.89
65.2700	71.2500	0.442800	1000.7600	-50.0200	0.600	0.000	7.89
65.6100	71.5700	0.442800	1000.7600	0.0000	0.600	0.000	7.89
65.9500	71.9100	0.377900	1000.7600	-64.9200	0.600	0.000	7.89
66.2700	72.2500	0.330000	1000.7600	-47.8900	0.600	0.000	7.89
66.5900	72.5700	0.308700	1000.7600	-21.2800	0.600	0.000	7.89
66.9000	72.8900	0.327800	1000.7600	19.1600	0.600	0.000	7.89
67.2200	73.1700	0.398100	1000.7600	70.2400	0.600	0.000	7.89
67.5800	73.4700	0.398100	1000.7600	0.0000	0.600	0.000	7.89
67.9400	73.7600	0.471500	512.9400	73.4300	0.600	0.000	7.89
68.3200	74.0800	0.482200	512.9400	10.6400	0.600	0.000	7.89
68.6600	74.4000	0.432100	512.9400	-50.0200	0.600	0.000	7.89
69.0000	74.7000	0.388500	512.9400	-43.6300	0.600	0.000	7.89
69.3200	75.0000	0.391700	512.9400	3.1900	0.600	0.000	7.89
69.6600	75.2800	0.391700	512.9400	0.0000	0.600	0.000	7.89
69.9800	75.5800	0.418300	512.9400	26.6100	0.600	0.000	7.89
70.3100	75.8800	0.440600	512.9400	22.3500	0.600	0.000	7.89
70.6500	76.1800	0.440600	512.9400	0.0000	0.600	0.000	7.89
70.9900	76.4800	0.417200	915.1700	-23.4100	0.600	0.000	7.89
71.3300	76.7800	0.414000	915.1700	-3.1900	0.600	0.000	7.89
71.6900	77.1100	0.414000	915.1700	0.0000	0.600	0.000	7.89
72.0500	77.4300	0.424700	915.1700	10.6400	0.600	0.000	7.89
72.4100	77.7900	0.393800	915.1700	-30.8600	0.600	0.000	7.89
72.7700	78.1300	0.322500	915.1700	-71.3000	0.600	0.000	7.89
73.1100	78.4900	0.277800	915.1700	-44.7000	0.600	0.000	7.89
73.4500	78.8500	0.294800	915.1700	17.0300	0.600	0.000	7.89
73.7800	79.2100	0.294800	915.1700	0.0000	0.600	0.000	7.89
74.1200	79.5300	0.325700	915.1700	30.8600	0.600	0.000	7.89
74.4800	79.8300	0.359800	676.3400	34.0600	0.600	0.000	7.89
74.8400	80.1300	0.422600	676.3400	62.7900	0.600	0.000	7.89
75.2000	80.4500	0.473600	676.3400	51.0800	0.600	0.000	7.89
75.5600	80.8200	0.459800	676.3400	-13.8300	0.600	0.000	7.89
75.9200	81.2200	0.459800	676.3400	0.0000	0.600	0.000	7.89
76.2800	81.6400	0.381000	676.3400	-78.7500	0.600	0.000	7.89
76.6200	82.0200	0.300200	676.3400	-80.8800	0.600	0.000	7.89
76.9800	82.3600	0.295900	676.3400	-4.2600	0.600	0.000	7.89
77.3300	82.7000	0.378900	676.3400	83.0100	0.600	0.000	7.89
77.6700	83.0200	0.473600	773.3100	94.7200	0.600	0.000	7.89
78.0300	83.3600	0.473600	773.3100	0.0000	0.600	0.000	7.89
78.3700	83.7200	0.511900	773.3100	38.3100	0.600	0.000	7.89
78.7300	84.0900	0.474700	773.3100	-37.2500	0.600	0.000	7.89
79.0900	84.5100	0.383200	773.3100	-91.5200	0.600	0.000	7.89
79.4300	84.9300	0.291700	773.3100	-91.5200	0.600	0.000	7.89
79.7700	85.3300	0.237400	773.3100	-54.2800	0.600	0.000	7.89
80.1100	85.6900	0.237400	773.3100	0.0000	0.600	0.000	7.89
80.4500	86.0100	0.227800	773.3100	-9.5800	0.600	0.000	7.89
80.7600	86.3500	0.256500	773.3100	28.7300	0.600	0.000	7.89
81.1000	86.7100	0.316100	623.0700	59.6000	0.600	0.000	7.89
81.4400	87.1100	0.391700	623.0700	75.5600	0.600	0.000	7.89
81.8200	87.5200	0.446000	623.0700	54.2800	0.600	0.000	7.89
82.2000	87.9400	0.446000	623.0700	0.0000	0.600	0.000	7.89
82.5800	88.3800	0.452400	623.0700	6.3900	0.600	0.000	7.89
82.9600	88.8200	0.427900	623.0700	-24.4800	0.600	0.000	7.89
83.3400	89.2600	0.406600	623.0700	-21.2800	0.600	0.000	7.89
83.7400	89.6800	0.403400	623.0700	-3.1900	0.600	0.000	7.89
84.1100	90.1000	0.409800	623.0700	6.3900	0.600	0.000	7.89
84.4500	90.5000	0.409800	623.0700	0.0000	0.600	0.000	7.89
84.8100	90.9100	0.407700	797.8500	-2.1300	0.600	0.000	7.89
85.1700	91.3500	0.383200	797.8500	-24.4800	0.600	0.000	7.89
85.5500	91.7900	0.348100	797.8500	-35.1200	0.600	0.000	7.89
85.9100	92.2300	0.307600	797.8500	-40.4400	0.600	0.000	7.89
86.2700	92.7100	0.260800	797.8500	-46.8300	0.600	0.000	7.89
86.6300	93.1900	0.260800	797.8500	0.0000	0.600	0.000	7.89
87.0100	93.6300	0.237400	797.8500	-23.4100	0.600	0.000	7.89
87.3800	94.0300	0.248000	797.8500	10.6400	0.600	0.000	7.89
87.7600	94.4400	0.267200	797.8500	19.1600	0.600	0.000	7.89
88.1200	94.9200	0.283100	829.5700	15.9600	0.600	0.000	7.89
88.4800	95.4000	0.285300	829.5700	2.1300	0.600	0.000	7.89
88.8600	95.8600	0.285300	829.5700	0.0000	0.600	0.000	7.89
89.2600	96.3000	0.250100	829.5700	-35.1200	0.600	0.000	7.89
89.6600	96.7600	0.208600	829.5700	-41.5000	0.600	0.000	7.89
90.0400	97.2400	0.211800	829.5700	3.1900	0.600	0.000	7.89
90.4000	97.6900	0.254400	829.5700	42.5700	0.600	0.000	7.89
90.7500	98.1300	0.292700	829.5700	38.3100	0.600	0.000	7.89
91.0700	98.5300	0.292700	829.5700	0.0000	0.600	0.000	7.89
91.4300	98.9500	0.291700	829.5700	-1.0600	0.600	0.000	7.89
91.7900	99.4500	0.266100	142.4400	-25.5400	0.600	0.000	7.89
92.1700	99.9500	0.250100	142.4400	-15.9600	0.600	0.000	7.89
92.5300	100.4100	0.245900	142.4400	-4.2600	0.600	0.000	7.89
92.8700	100.8500	0.239500	142.4400	-6.3900	0.600	0.000	7.89
93.2300	101.3000	0.239500	142.4400	0.0000	0.600	0.000	7.89
93.5900	101.7600	0.223500	142.4400	-15.9600	0.600	0.000	7.89
93.9500	102.2400	0.182000	142.4400	-41.5000	0.600	0.000	7.89
94.3000	102.7000	0.125600	142.4400	-56.4000	0.600	0.000	7.89
94.6600	103.1600	0.112900	142.4400	-12.7700	0.600	0.000	7.89
95.0400	103.6400	0.160800	433.3300	47.8900	0.600	0.000	7.89
95.4200	104.1000	0.160800	433.3300	0.0000	0.600	0.000	7.89
95.8400	104.5700	0.228900	433.3300	68.1100	0.600	0.000	7.89
96.2400	105.0100	0.286300	433.3300	57.4700	0.600	0.000	7.89
96.6400	105.4700	0.319300	433.3300	32.9900	0.600	0.000	7.89
97.0200	105.9100	0.324600	433.3300	5.3200	0.600	0.000	7.89
97.4000	106.3500	0.324600	433.3300	0.0000	0.600	0.000	7.89
97.7900	106.8100	0.308700	433.3300	-15.9600	0.600	0.000	7.89
98.1700	107.2500	0.267200	433.3300	-41.5000	0.600	0.000	7.89
98.5700	107.6900	0.204400	433.3300	-62.7900	0.600	0.000	7.89
98.9500	108.1200	0.162900	761.3400	-41.5000	0.600	0.000	7.89
99.3700	108.5600	0.178800	761.3400	15.9600	0.600	0.000	7.89
99.7700	108.9800	0.178800	761.3400	0.0000	0.600	0.000	7.89
100.1700	109.4200	0.228900	761.3400	50.0200	0.600	0.000	7.89
100.5700	109.8600	0.251200	761.3400	22.3500	0.600	0.000	7.89
100.9500	110.3000	0.222500	761.3400	-28.7300	0.600	0.000	7.89
101.3200	110.7200	0.183100	761.3400	-39.3800	0.600	0.000	7.89
101.7000	111.1600	0.159700	761.3400	-23.4100	0.600	0.000	7.89
102.0800	111.5900	0.159700	761.3400	0.0000	0.600	0.000	7.89
102.4800	112.0500	0.171400	761.3400	11.7100	0.600	0.000	7.89
102.8800	112.5100	0.228900	296.2600	57.4700	0.600	0.000	7.89
103.2800	112.9300	0.307600	296.2600	78.7500	0.600	0.000	7.89
103.6800	113.3500	0.365100	296.2600	57.4700	0.600	0.000	7.89
104.0800	113.7500	0.387400	296.2600	22.3500	0.600	0.000	7.89
104.4500	114.1100	0.387400	296.2600	0.0000	0.600	0.000	7.89
104.8300	114.4700	0.402300	296.2600	14.9000	0.600	0.000	7.89
105.2100	114.8200	0.417200	296.2600	14.9000	0.600	0.000	7.89
105.5900	115.1800	0.405500	296.2600	-11.7100	0.600	0.000	7.89
105.9500	115.5600	0.381000	296.2600	-24.4800	0.600	0.000	7.89
106.3300	115.9600	0.357600	311.2300	-23.4100	0.600	0.000	7.89
106.7300	116.3600	0.357600	311.2300	0.0000	0.600	0.000	7.89
107.1300	116.7400	0.325700	311.2300	-31.9300	0.600	0.000	7.89
107.5100	117.0800	0.307600	311.2300	-18.0900	0.600	0.000	7.89
107.8600	117.4400	0.322500	311.2300	14.9000	0.600	0.000	7.89
108.2200	117.8200	0.331000	311.2300	8.5100	0.600	0.000	7.89
108.6000	118.1900	0.307600	311.2300	-23.4100	0.600	0.000	7.89
108.9800	118.5700	0.307600	311.2300	0.0000	0.600	0.000	7.89
109.3400	118.9500	0.279900	311.2300	-27.6700	0.600	0.000	7.89
109.7200	119.3700	0.289500	311.2300	9.5800	0.600	0.000	7.89
110.1200	119.7700	0.319300	546.4600	29.8000	0.600	0.000	7.89
110.5200	120.1500	0.322500	546.4600	3.1900	0.600	0.000	7.89
110.9200	120.5300	0.297000	546.4600	-25.5400	0.600	0.000	7.89
111.3100	120.9100	0.297000	546.4600	0.0000	0.600	0.000	7.89
111.6900	121.2900	0.290600	546.4600	-6.3900	0.600	0.000	7.89
112.0700	121.6600	0.309700	546.4600	19.1600	0.600	0.000	7.89
112.4300	122.0400	0.303400	546.4600	-6.3900	0.600	0.000	7.89
112.8100	122.4400	0.261900	546.4600	-41.5000	0.600	0.000	7.89
113.1700	122.8600	0.222500	546.4600	-39.3800	0.600	0.000	7.89
113.5500	123.2800	0.222500	546.4600	0.0000	0.600	0.000	7.89
113.9300	123.7000	0.209700	844.5400	-12.7700	0.600	0.000	7.89
114.3300	124.0800	0.218200	844.5400	8.5100	0.600	0.000	7.89
114.7200	124.4600	0.218200	844.5400	0.0000	0.600	0.000	7.89
115.1200	124.8400	0.223500	844.5400	5.3200	0.600	0.000	7.89
115.5000	125.1900	0.275700	844.5400	52.1500	0.600	0.000	7.89
115.8800	125.5500	0.275700	844.5400	0.0000	0.600	0.000	7.89
116.2600	125.9100	0.352300	844.5400	76.6200	0.600	0.000	7.89
116.6600	126.2900	0.401300	844.5400	48.9500	0.600	0.000	7.89
117.0800	126.7100	0.406600	844.5400	5.3200	0.600	0.000	7.89
117.4800	127.1300	0.385300	409.3900	-21.2800	0.600	0.000	7.89
117.9000	127.5700	0.354400	409.3900	-30.8600	0.600	0.000	7.89
118.2900	127.9900	0.354400	409.3900	0.0000	0.600	0.000	7.89
118.6900	128.4000	0.309700	409.3900	-44.7000	0.600	0.000	7.89
119.0700	128.8200	0.257600	409.3900	-52.1500	0.600	0.000	7.89
119.4700	129.2400	0.235300	409.3900	-22.3500	0.600	0.000	7.89
119.8700	129.6600	0.270400	409.3900	35.1200	0.600	0.000	7.89
120.2700	130.0800	0.351300	409.3900	80.8800	0.600	0.000	7.89
120.6900	130.5200	0.351300	409.3900	0.0000	0.600	0.000	7.89
121.0900	130.9600	0.417200	409.3900	65.9800	0.600	0.000	7.89
121.4700	131.3800	0.425700	302.8500	8.5100	0.600	0.000	7.89
121.8600	131.8100	0.400200	302.8500	-25.5400	0.600	0.000	7.89
122.2400	132.2700	0.360800	302.8500	-39.3800	0.600	0.000	7.89
122.6400	132.7100	0.319300	302.8500	-41.5000	0.600	0.000	7.89
123.0600	133.1700	0.319300	302.8500	0.0000	0.600	0.000	7.89
123.4800	133.6300	0.311900	302.8500	-7.4500	0.600	0.000	7.89
123.8800	134.1100	0.368300	302.8500	56.4000	0.600	0.000	7.89
124.2800	134.5700	0.447000	302.8500	78.7500	0.600	0.000	7.89
124.7000	135.0100	0.472600	302.8500	25.5400	0.600	0.000	7.89
125.0900	135.4800	0.451300	518.9300	-21.2800	0.600	0.000	7.89
125.5100	135.9800	0.451300	518.9300	0.0000	0.600	0.000	7.89
125.9300	136.4600	0.426800	518.9300	-24.4800	0.600	0.000	7.89
126.3300	136.9400	0.393800	518.9300	-32.9900	0.600	0.000	7.89
126.7300	137.4200	0.382100	518.9300	-11.7100	0.600	0.000	7.89
127.1500	137.9200	0.420400	518.9300	38.3100	0.600	0.000	7.89
127.5500	138.4200	0.450200	518.9300	29.8000	0.600	0.000	7.89
127.9500	138.9100	0.450200	518.9300	0.0000	0.600	0.000	7.89
128.3700	139.3900	0.433200	518.9300	-17.0300	0.600	0.000	7.89
128.8000	139.9100	0.382100	518.9300	-51.0800	0.600	0.000	7.89
129.2200	140.4300	0.340600	666.1700	-41.5000	0.600	0.000	7.89
129.6600	140.9100	0.350200	666.1700	9.5800	0.600	0.000	7.89
130.0800	141.3700	0.390600	666.1700	40.4400	0.600	0.000	7.89
130.5200	141.8700	0.390600	666.1700	0.0000	0.600	0.000	7.89
130.9800	142.4000	0.437500	666.1700	46.8300	0.600	0.000	7.89
131.4200	142.9000	0.473600	666.1700	36.1800	0.600	0.000	7.89
131.8500	143.4000	0.474700	666.1700	1.0600	0.600	0.000	7.89
132.3100	143.9200	0.433200	666.1700	-41.5000	0.600	0.000	7.89
132.7700	144.4600	0.361900	666.1700	-71.3000	0.600	0.000	7.89
133.2100	144.9600	0.361900	666.1700	0.0000	0.600	0.000	7.89
133.6300	145.4400	0.311900	369.8900	-50.0200	0.600	0.000	7.89
134.0500	145.8900	0.295900	369.8900	-15.9600	0.600	0.000	7.89
134.5100	146.3900	0.314000	369.8900	18.0900	0.600	0.000	7.89
135.0100	146.9100	0.389600	369.8900	75.5600	0.600	0.000	7.89
135.5000	147.3900	0.482200	369.8900	92.5900	0.600	0.000	7.89
136.0000	147.8500	0.482200	369.8900	0.0000	0.600	0.000	7.89
136.5200	148.3100	0.533200	369.8900	51.0800	0.600	0.000	7.89
137.0400	148.7700	0.542800	369.8900	9.5800	0.600	0.000	7.89
137.5600	149.2400	0.521500	369.8900	-21.2800	0.600	0.000	7.89
138.0600	149.7000	0.494900	862.4900	-26.6100	0.600	0.000	7.89
138.5600	150.1400	0.480000	862.4900	-14.9000	0.600	0.000	7.89
139.0300	150.6000	0.480000	862.4900	0.0000	0.600	0.000	7.89
139.5100	151.0600	0.491700	862.4900	11.7100	0.600	0.000	7.89
140.0100	151.5400	0.532200	862.4900	40.4400	0.600	0.000	7.89
140.4900	152.0000	0.538600	862.4900	6.3900	0.600	0.000	7.89
140.9900	152.4500	0.493900	862.4900	-44.7000	0.600	0.000	7.89
141.5100	152.8900	0.470400	862.4900	-23.4100	0.600	0.000	7.89
142.0100	153.3300	0.470400	862.4900	0.0000	0.600	0.000	7.89
142.5200	153.7900	0.499200	862.4900	28.7300	0.600	0.000	7.89
143.0400	154.2500	0.522600	889.4300	23.4100	0.600	0.000	7.89
143.5600	154.7100	0.519400	889.4300	-3.1900	0.600	0.000	7.89
144.0600	155.1500	0.509800	889.4300	-9.5800	0.600	0.000	7.89
144.5400	155.5700	0.486400	889.4300	-23.4100	0.600	0.000	7.89
145.0400	155.9800	0.486400	889.4300	0.0000	0.600	0.000	7.89
145.5500	156.3800	0.470400	889.4300	-15.9600	0.600	0.000	7.89
146.0500	156.7800	0.493900	889.4300	23.4100	0.600	0.000	7.89
146.5500	157.2000	0.536400	889.4300	42.5700	0.600	0.000	7.89
147.0500	157.6200	0.568400	889.4300	31.9300	0.600	0.000	7.89
147.5700	158.0400	0.568400	889.4300	0.0000	0.600	0.000	7.89
148.0700	158.4800	0.571500	678.7400	3.1900	0.600	0.000	7.89
148.5500	158.9200	0.540700	678.7400	-30.8600	0.600	0.000	7.89
149.0000	159.3700	0.518300	678.7400	-22.3500	0.600	0.000	7.89
149.5000	159.8300	0.521500	678.7400	3.1900	0.600	0.000	7.89
149.9800	160.2900	0.535400	678.7400	13.8300	0.600	0.000	7.89
150.5000	160.7500	0.535400	678.7400	0.0000	0.600	0.000	7.89
151.0000	161.2300	0.546000	678.7400	10.6400	0.600	0.000	7.89
151.4800	161.7100	0.540700	678.7400	-5.3200	0.600	0.000	7.89
151.9600	162.1700	0.533200	678.7400	-7.4500	0.600	0.000	7.89
152.4300	162.6100	0.517300	569.8000	-15.9600	0.600	0.000	7.89
152.8900	163.0600	0.489600	569.8000	-27.6700	0.600	0.000	7.89
153.3700	163.5400	0.489600	569.8000	0.0000	0.600	0.000	7.89
153.8700	164.0400	0.482200	569.8000	-7.4500	0.600	0.000	7.89
154.3700	164.5800	0.493900	569.8000	11.7100	0.600	0.000	7.89
154.8500	165.1000	0.509800	569.8000	15.9600	0.600	0.000	7.89
155.3300	165.5800	0.524700	569.8000	14.9000	0.600	0.000	7.89
155.7800	166.0500	0.539600	569.8000	14.9000	0.600	0.000	7.89
156.2400	166.5500	0.539600	569.8000	0.0000	0.600	0.000	7.89
156.7000	167.0700	0.544900	569.8000	5.3200	0.600	0.000	7.89
157.1800	167.5900	0.521500	401.6100	-23.4100	0.600	0.000	7.89
157.6400	168.1300	0.497000	401.6100	-24.4800	0.600	0.000	7.89
158.1200	168.6500	0.503400	401.6100	6.3900	0.600	0.000	7.89
158.6000	169.1700	0.503400	401.6100	0.0000	0.600	0.000	7.89
159.0600	169.6800	0.503400	401.6100	0.0000	0.600	0.000	7.89
159.4900	170.2000	0.484300	401.6100	-19.1600	0.600	0.000	7.89
159.9300	170.7200	0.472600	401.6100	-11.7100	0.600	0.000	7.89
160.4100	171.2600	0.474700	401.6100	2.1300	0.600	0.000	7.89
160.8900	171.8200	0.481100	401.6100	6.3900	0.600	0.000	7.89
161.3700	172.3800	0.479000	-120.9300	-2.1300	0.600	0.000	7.89
161.8500	172.9300	0.479000	-120.9300	0.0000	0.600	0.000	7.89
162.3100	173.4900	0.473600	-120.9300	-5.3200	0.600	0.000	7.89
162.7800	174.0500	0.484300	-120.9300	10.6400	0.600	0.000	7.89
163.2400	174.6100	0.501300	-120.9300	17.0300	0.600	0.000	7.89
163.7400	175.1700	0.490700	-120.9300	-10.6400	0.600	0.000	7.89
164.2400	175.7500	0.481100	-120.9300	-9.5800	0.600	0.000	7.89
164.7200	176.3200	0.481100	-120.9300	0.0000	0.600	0.000	7.89
165.2000	176.9000	0.518300	-120.9300	37.2500	0.600	0.000	7.89
165.7000	177.5000	0.542800	-120.9300	24.4800	0.600	0.000	7.89
166.1700	178.0800	0.486400	1024.7000	-56.4000	0.600	0.000	7.89
166.6500	178.6800	0.360800	1024.7000	-125.5800	0.600	0.000	7.89
167.1300	179.3400	0.273600	1024.7000	-87.2700	0.600	0.000	7.89
167.6100	179.9700	0.273600	1024.7000	0.0000	0.600	0.000	7.89
168.0900	180.5700	0.337400	1024.7000	63.8500	0.600	0.000	7.89
168.5900	181.1500	0.468300	1024.7000	130.9000	0.600	0.000	7.89
169.0700	181.7500	0.504500	1024.7000	36.1800	0.600	0.000	7.89
169.5600	182.3700	0.439600	1024.7000	-64.9200	0.600	0.000	7.89
170.0400	183.0100	0.350200	1024.7000	-89.3900	0.600	0.000	7.89
170.5200	183.6600	0.350200	1024.7000	0.0000	0.600	0.000	7.89
171.0200	184.2400	0.270400	525.5100	-79.8200	0.600	0.000	7.89
171.5200	184.8000	0.245900	525.5100	-24.4800	0.600	0.000	7.89
172.0000	185.3600	0.309700	525.5100	63.8500	0.600	0.000	7.89
172.4800	185.9800	0.401300	525.5100	91.5200	0.600	0.000	7.89
172.9500	186.6100	0.439600	525.5100	38.3100	0.600	0.000	7.89
173.4100	187.2100	0.439600	525.5100	0.0000	0.600	0.000	7.89
173.8700	187.7700	0.408700	525.5100	-30.8600	0.600	0.000	7.89
174.3300	188.3300	0.361900	525.5100	-46.8300	0.600	0.000	7.89
174.8100	188.9100	0.341700	525.5100	-20.2200	0.600	0.000	7.89
175.2900	189.4900	0.311900	-32.3400	-29.8000	0.600	0.000	7.89
175.7900	190.0800	0.274600	-32.3400	-37.2500	0.600	0.000	7.89
176.2700	190.6400	0.274600	-32.3400	0.0000	0.600	0.000	7.89
176.7200	191.1800	0.278900	-32.3400	4.2600	0.600	0.000	7.89
177.1800	191.7200	0.317200	-32.3400	38.3100	0.600	0.000	7.89
177.6600	192.2400	0.373600	-32.3400	56.4000	0.600	0.000	7.89
178.1600	192.7800	0.422600	-32.3400	48.9500	0.600	0.000	7.89
178.6600	193.3000	0.414000	-32.3400	-8.5100	0.600	0.000	7.89
179.1400	193.8100	0.414000	-32.3400	0.0000	0.600	0.000	7.89
179.6400	194.3100	0.353400	-32.3400	-60.6600	0.600	0.000	7.89
180.1500	194.8100	0.295900	729.6100	-57.4700	0.600	0.000	7.89
180.6500	195.2900	0.252300	729.6100	-43.6300	0.600	0.000	7.89
181.1500	195.7500	0.225700	729.6100	-26.6100	0.600	0.000	7.89
181.6700	196.1700	0.262900	729.6100	37.2500	0.600	0.000	7.89
182.1900	196.5900	0.262900	729.6100	0.0000	0.600	0.000	7.89
182.7100	197.0400	0.347000	729.6100	84.0700	0.600	0.000	7.89
183.2200	197.5200	0.413000	729.6100	65.9800	0.600	0.000	7.89
183.7200	198.0000	0.430000	729.6100	17.0300	0.600	0.000	7.89
184.2200	198.5000	0.403400	729.6100	-26.6100	0.600	0.000	7.89
184.7200	199.0000	0.367200	385.4500	-36.1800	0.600	0.000	7.89
185.2400	199.5200	0.367200	385.4500	0.0000	0.600	0.000	7.89
185.7200	200.0400	0.335300	385.4500	-31.9300	0.600	0.000	7.89
186.2200	200.5500	0.302300	385.4500	-32.9900	0.600	0.000	7.89
186.7100	201.0900	0.279900	385.4500	-22.3500	0.600	0.000	7.89
187.2100	201.6100	0.265000	385.4500	-14.9000	0.600	0.000	7.89
187.6900	202.1100	0.245900	385.4500	-19.1600	0.600	0.000	7.89
188.1900	202.6100	0.245900	385.4500	0.0000	0.600	0.000	7.89
188.7100	203.0900	0.247000	385.4500	1.0600	0.600	0.000	7.89
189.2100	203.5700	0.307600	385.4500	60.6600	0.600	0.000	7.89
189.7300	204.0400	0.391700	398.0200	84.0700	0.600	0.000	7.89
190.2400	204.5200	0.434300	398.0200	42.5700	0.600	0.000	7.89
190.7400	205.0000	0.424700	398.0200	-9.5800	0.600	0.000	7.89
191.2400	205.5000	0.424700	398.0200	0.0000	0.600	0.000	7.89
191.7600	205.9800	0.398100	398.0200	-26.6100	0.600	0.000	7.89
192.2600	206.4800	0.376800	398.0200	-21.2800	0.600	0.000	7.89
192.7600	206.9600	0.368300	398.0200	-8.5100	0.600	0.000	7.89
193.2600	207.4500	0.370400	398.0200	2.1300	0.600	0.000	7.89
193.7300	207.9300	0.380000	398.0200	9.5800	0.600	0.000	7.89
194.2100	208.4300	0.380000	398.0200	0.0000	0.600	0.000	7.89
194.6900	208.9100	0.384200	636.2400	4.2600	0.600	0.000	7.89
195.1700	209.4300	0.375700	636.2400	-8.5100	0.600	0.000	7.89
195.6500	209.9300	0.382100	636.2400	6.3900	0.600	0.000	7.89
196.1500	210.4500	0.386400	636.2400	4.2600	0.600	0.000	7.89
196.6500	210.9600	0.356600	636.2400	-29.8000	0.600	0.000	7.89
197.1400	211.5000	0.356600	636.2400	0.0000	0.600	0.000	7.89
197.6200	212.0200	0.309700	636.2400	-46.8300	0.600	0.000	7.89
198.1000	212.5400	0.293800	636.2400	-15.9600	0.600	0.000	7.89
198.5600	213.0800	0.314000	636.2400	20.2200	0.600	0.000	7.89
199.0400	213.6200	0.347000	-217.8900	32.9900	0.600	0.000	7.89
199.5000	214.1700	0.347000	-217.8900	0.0000	0.600	0.000	7.89
199.9800	214.7300	0.380000	-217.8900	32.9900	0.600	0.000	7.89
200.4500	215.2900	0.404500	-217.8900	24.4800	0.600	0.000	7.89
200.9300	215.8500	0.435300	-217.8900	30.8600	0.600	0.000	7.89
201.4100	216.4300	0.450200	-217.8900	14.9000	0.600	0.000	7.89
201.8700	216.9700	0.420400	-217.8900	-29.8000	0.600	0.000	7.89
202.3300	217.5200	0.420400	-217.8900	0.0000	0.600	0.000	7.89
202.8100	218.1400	0.383200	-217.8900	-37.2500	0.600	0.000	7.89
203.2900	218.7400	0.398100	-217.8900	14.9000	0.600	0.000	7.89
203.7600	219.3000	0.428900	157.4000	30.8600	0.600	0.000	7.89
204.2400	219.9200	0.427900	157.4000	-1.0600	0.600	0.000	7.89
204.7400	220.5200	0.435300	157.4000	7.4500	0.600	0.000	7.89
205.2400	221.0900	0.435300	157.4000	0.0000	0.600	0.000	7.89
205.7400	221.7100	0.460900	157.4000	25.5400	0.600	0.000	7.89
206.2600	222.3300	0.474700	157.4000	13.8300	0.600	0.000	7.89
206.7600	222.9100	0.485300	157.4000	10.6400	0.600	0.000	7.89
207.2500	223.4900	0.508800	157.4000	23.4100	0.600	0.000	7.89
207.7700	224.1100	0.520500	157.4000	11.7100	0.600	0.000	7.89
208.2700	224.7000	0.520500	157.4000	0.0000	0.600	0.000	7.89
208.7500	225.3000	0.500200	283.6900	-20.2200	0.600	0.000	7.89
209.2500	225.9200	0.482200	283.6900	-18.0900	0.600	0.000	7.89
209.7700	226.5600	0.484300	283.6900	2.1300	0.600	0.000	7.89
210.2900	227.1600	0.484300	283.6900	0.0000	0.600	0.000	7.89
210.8200	227.7300	0.471500	283.6900	-12.7700	0.600	0.000	7.89
211.3800	228.3500	0.471500	283.6900	0.0000	0.600	0.000	7.89
211.9400	228.9700	0.451300	283.6900	-20.2200	0.600	0.000	7.89
212.5000	229.5500	0.432100	283.6900	-19.1600	0.600	0.000	7.89
213.0600	230.1300	0.430000	283.6900	-2.1300	0.600	0.000	7.89
213.6000	230.7300	0.467300	986.3900	37.2500	0.600	0.000	7.89
214.1500	231.3000	0.501300	986.3900	34.0600	0.600	0.000	7.89
214.7100	231.8400	0.501300	986.3900	0.0000	0.600	0.000	7.89
215.2900	232.4000	0.474700	986.3900	-26.6100	0.600	0.000	7.89
215.8700	232.9800	0.448100	986.3900	-26.6100	0.600	0.000	7.89
216.4300	233.5200	0.470400	986.3900	22.3500	0.600	0.000	7.89
216.9900	234.0600	0.498100	986.3900	27.6700	0.600	0.000	7.89
217.5600	234.5700	0.523700	986.3900	25.5400	0.600	0.000	7.89
218.1600	235.0900	0.523700	986.3900	0.0000	0.600	0.000	7.89
218.8000	235.5900	0.550300	986.3900	26.6100	0.600	0.000	7.89
219.4200	236.0900	0.568400	1059.4200	18.0900	0.600	0.000	7.89
220.0200	236.5900	0.579000	1059.4200	10.6400	0.600	0.000	7.89
220.6400	237.1100	0.584300	1059.4200	5.3200	0.600	0.000	7.89
221.2500	237.6100	0.590700	1059.4200	6.3900	0.600	0.000	7.89
221.8700	238.0800	0.590700	1059.4200	0.0000	0.600	0.000	7.89
222.4900	238.5400	0.572600	1059.4200	-18.0900	0.600	0.000	7.89
223.1100	239.0200	0.552400	1059.4200	-20.2200	0.600	0.000	7.89
223.7300	239.5200	0.552400	1059.4200	0.0000	0.600	0.000	7.89
224.3400	240.0200	0.547100	1059.4200	-5.3200	0.600	0.000	7.89
224.9400	240.5400	0.541700	813.4100	-5.3200	0.600	0.000	7.89
225.5800	241.0800	0.541700	813.4100	0.0000	0.600	0.000	7.89
226.1800	241.6300	0.550300	813.4100	8.5100	0.600	0.000	7.89
226.8000	242.1900	0.577900	813.4100	27.6700	0.600	0.000	7.89
227.4200	242.7700	0.593900	813.4100	15.9600	0.600	0.000	7.89
227.9900	243.3300	0.547100	813.4100	-46.8300	0.600	0.000	7.89
228.5700	243.8900	0.487500	813.4100	-59.6000	0.600	0.000	7.89
229.1900	244.4300	0.487500	813.4100	0.0000	0.600	0.000	7.89
229.7900	244.9600	0.490700	813.4100	3.1900	0.600	0.000	7.89
230.3500	245.5400	0.537500	813.4100	46.8300	0.600	0.000	7.89
230.9100	246.1200	0.574700	248.9800	37.2500	0.600	0.000	7.89
231.4600	246.7400	0.572600	248.9800	-2.1300	0.600	0.000	7.89
232.0400	247.3400	0.573700	248.9800	1.0600	0.600	0.000	7.89
232.6200	247.9200	0.573700	248.9800	0.0000	0.600	0.000	7.89
233.2200	248.4700	0.603500	248.9800	29.8000	0.600	0.000	7.89
233.8000	249.0500	0.647100	248.9800	43.6300	0.600	0.000	7.89
234.4000	249.6500	0.682200	248.9800	35.1200	0.600	0.000	7.89
234.9700	250.3100	0.685400	248.9800	3.1900	0.600	0.000	7.89
235.5700	250.9700	0.655600	248.9800	-29.8000	0.600	0.000	7.89
236.1500	251.6100	0.655600	248.9800	0.0000	0.600	0.000	7.89
236.7100	252.2600	0.607700	-33.5400	-47.8900	0.600	0.000	7.89
237.2900	252.9200	0.592800	-33.5400	-14.9000	0.600	0.000	7.89
237.8300	253.5800	0.625800	-33.5400	32.9900	0.600	0.000	7.89
238.3600	254.2000	0.657700	-33.5400	31.9300	0.600	0.000	7.89
238.9000	254.8200	0.638600	-33.5400	-19.1600	0.600	0.000	7.89
239.4600	255.4500	0.638600	-33.5400	0.0000	0.600	0.000	7.89
240.0200	256.0900	0.607700	-33.5400	-30.8600	0.600	0.000	7.89
240.5800	256.7500	0.597100	-33.5400	-10.6400	0.600	0.000	7.89
241.1000	257.4300	0.580100	-33.5400	-17.0300	0.600	0.000	7.89
241.6100	258.0900	0.568400	-47.9000	-11.7100	0.600	0.000	7.89
242.1500	258.7400	0.579000	-47.9000	10.6400	0.600	0.000	7.89
242.7100	259.4200	0.579000	-47.9000	0.0000	0.600	0.000	7.89
243.2700	260.1200	0.584300	-47.9000	5.3200	0.600	0.000	7.89
243.7900	260.8200	0.574700	-47.9000	-9.5800	0.600	0.000	7.89
244.3300	261.5600	0.577900	-47.9000	3.1900	0.600	0.000	7.89
244.8600	262.2700	0.606700	-47.9000	28.7300	0.600	0.000	7.89
245.4000	262.9500	0.632200	-47.9000	25.5400	0.600	0.000	7.89
245.9600	263.6300	0.632200	-47.9000	0.0000	0.600	0.000	7.89
246.5000	264.3100	0.642800	-47.9000	10.6400	0.600	0.000	7.89
247.0800	265.0500	0.632200	214.2600	-10.6400	0.600	0.000	7.89
247.6400	265.7800	0.595000	214.2600	-37.2500	0.600	0.000	7.89
248.2000	266.5000	0.571500	214.2600	-23.4100	0.600	0.000	7.89
248.7500	267.1800	0.571500	214.2600	0.0000	0.600	0.000	7.89
249.2900	267.9200	0.575800	214.2600	4.2600	0.600	0.000	7.89
249.8300	268.6600	0.569400	214.2600	-6.3900	0.600	0.000	7.89
250.3900	269.3500	0.547100	214.2600	-22.3500	0.600	0.000	7.89
250.9500	270.0700	0.482200	214.2600	-64.9200	0.600	0.000	7.89
251.5300	270.7900	0.388500	214.2600	-93.6500	0.600	0.000	7.89
252.0800	271.4700	0.388500	214.2600	0.0000	0.600	0.000	7.89
252.6400	272.1100	0.374700	1361.6800	-13.8300	0.600	0.000	7.89
253.2200	272.7400	0.453400	1361.6800	78.7500	0.600	0.000	7.89
253.8000	273.3600	0.518300	1361.6800	64.9200	0.600	0.000	7.89
254.4000	273.9800	0.530000	1361.6800	11.7100	0.600	0.000	7.89
254.9800	274.6200	0.520500	1361.6800	-9.5800	0.600	0.000	7.89
255.5700	275.2200	0.520500	1361.6800	0.0000	0.600	0.000	7.89
256.1500	275.8300	0.523700	1361.6800	3.1900	0.600	0.000	7.89
256.7300	276.4500	0.535400	1361.6800	11.7100	0.600	0.000	7.89
257.2900	277.0300	0.523700	1361.6800	-11.7100	0.600	0.000	7.89
257.8500	277.5900	0.499200	-26.3500	-24.4800	0.600	0.000	7.89
258.3900	278.1100	0.485300	-26.3500	-13.8300	0.600	0.000	7.89
258.9400	278.6100	0.485300	-26.3500	0.0000	0.600	0.000	7.89
259.5000	279.0600	0.450200	-26.3500	-35.1200	0.600	0.000	7.89
260.0600	279.5000	0.416200	-26.3500	-34.0600	0.600	0.000	7.89
260.6400	279.9600	0.431100	-26.3500	14.9000	0.600	0.000	7.89
261.2200	280.4600	0.430000	-26.3500	-1.0600	0.600	0.000	7.89
261.7800	280.9600	0.389600	-26.3500	-40.4400	0.600	0.000	7.89
262.3500	281.5000	0.389600	-26.3500	0.0000	0.600	0.000	7.89
262.9300	282.0800	0.349100	-26.3500	-40.4400	0.600	0.000	7.89
263.5100	282.7100	0.330000	326.1900	-19.1600	0.600	0.000	7.89
264.0900	283.3500	0.330000	326.1900	0.0000	0.600	0.000	7.89
264.6900	284.0100	0.308700	326.1900	-21.2800	0.600	0.000	7.89
265.2900	284.6300	0.265000	326.1900	-43.6300	0.600	0.000	7.89
265.9000	285.2500	0.265000	326.1900	0.0000	0.600	0.000	7.89
266.4800	285.8300	0.277800	326.1900	12.7700	0.600	0.000	7.89
267.0800	286.4000	0.323600	326.1900	45.7600	0.600	0.000	7.89
267.6800	287.0000	0.320400	326.1900	-3.1900	0.600	0.000	7.89
268.2600	287.5600	0.288500	326.1900	-31.9300	0.600	0.000	7.89
268.8500	288.1200	0.267200	787.6700	-21.2800	0.600	0.000	7.89
269.4300	288.6800	0.267200	787.6700	0.0000	0.600	0.000	7.89
270.0500	289.2400	0.275700	787.6700	8.5100	0.600	0.000	7.89
270.6500	289.7900	0.339500	787.6700	63.8500	0.600	0.000	7.89
271.2300	290.3300	0.417200	787.6700	77.6900	0.600	0.000	7.89
271.8100	290.8900	0.438500	787.6700	21.2800	0.600	0.000	7.89
272.4000	291.4500	0.390600	787.6700	-47.8900	0.600	0.000	7.89
272.9600	292.0300	0.390600	787.6700	0.0000	0.600	0.000	7.89
273.5600	292.6300	0.342700	787.6700	-47.8900	0.600	0.000	7.89
274.1400	293.2400	0.309700	787.6700	-32.9900	0.600	0.000	7.89
274.7200	293.8800	0.285300	604.5200	-24.4800	0.600	0.000	7.89
275.3000	294.5200	0.306600	604.5200	21.2800	0.600	0.000	7.89
275.8700	295.1200	0.376800	604.5200	70.2400	0.600	0.000	7.89
276.4300	295.7200	0.376800	604.5200	0.0000	0.600	0.000	7.89
276.9700	296.3100	0.459800	604.5200	83.0100	0.600	0.000	7.89
277.4900	296.9300	0.494900	604.5200	35.1200	0.600	0.000	7.89
278.0500	297.5700	0.467300	604.5200	-27.6700	0.600	0.000	7.89
278.6100	298.1900	0.388500	604.5200	-78.7500	0.600	0.000	7.89
279.1600	298.8500	0.279900	604.5200	-108.5500	0.600	0.000	7.89
279.7000	299.4900	0.279900	604.5200	0.0000	0.600	0.000	7.89
280.2200	300.1600	0.222500	-1094.1700	-57.4700	0.600	0.000	7.89
280.7400	300.8600	0.235300	-1094.1700	12.7700	0.600	0.000	7.89
281.2600	301.5400	0.283100	-1094.1700	47.8900	0.600	0.000	7.89
281.7800	302.2200	0.345900	-1094.1700	62.7900	0.600	0.000	7.89
282.3000	302.8800	0.388500	-1094.1700	42.5700	0.600	0.000	7.89
282.7900	303.5700	0.388500	-1094.1700	0.0000	0.600	0.000	7.89
283.2900	304.2900	0.433200	-1094.1700	44.7000	0.600	0.000	7.89
283.8100	304.9300	0.506600	-1094.1700	73.4300	0.600	0.000	7.89
284.3500	305.5700	0.551300	-1094.1700	44.7000	0.600	0.000	7.89
284.8900	306.2300	0.536400	274.7200	-14.9000	0.600	0.000	7.89
285.4500	306.9200	0.498100	274.7200	-38.3100	0.600	0.000	7.89
285.9800	307.6400	0.498100	274.7200	0.0000	0.600	0.000	7.89
286.5200	308.3600	0.459800	274.7200	-38.3100	0.600	0.000	7.89
287.0600	309.0200	0.464100	274.7200	4.2600	0.600	0.000	7.89
287.6200	309.7000	0.539600	274.7200	75.5600	0.600	0.000	7.89
288.2000	310.3700	0.657700	274.7200	118.1300	0.600	0.000	7.89
288.7800	311.0300	0.744000	274.7200	86.2000	0.600	0.000	7.89
289.3500	311.6500	0.744000	274.7200	0.0000	0.600	0.000	7.89
289.9300	312.2700	0.753500	274.7200	9.5800	0.600	0.000	7.89
290.5100	312.8900	0.706700	28.7100	-46.8300	0.600	0.000	7.89
291.1100	313.4800	0.646000	28.7100	-60.6600	0.600	0.000	7.89
291.7100	314.0800	0.590700	28.7100	-55.3400	0.600	0.000	7.89
292.3300	314.6800	0.549200	28.7100	-41.5000	0.600	0.000	7.89
292.9600	315.2600	0.549200	28.7100	0.0000	0.600	0.000	7.89
293.6000	315.8200	0.534300	28.7100	-14.9000	0.600	0.000	7.89
294.2400	316.3800	0.551300	28.7100	17.0300	0.600	0.000	7.89
294.8600	316.9100	0.604500	28.7100	53.2100	0.600	0.000	7.89
295.4800	317.4900	0.658800	28.7100	54.2800	0.600	0.000	7.89
296.1400	318.0500	0.671600	982.2000	12.7700	0.600	0.000	7.89
296.7900	318.6300	0.671600	982.2000	0.0000	0.600	0.000	7.89
297.4500	319.2100	0.642800	982.2000	-28.7300	0.600	0.000	7.89
298.1100	319.8100	0.620500	982.2000	-22.3500	0.600	0.000	7.89
298.7900	320.3600	0.596000	982.2000	-24.4800	0.600	0.000	7.89
299.4500	320.9200	0.556600	982.2000	-39.3800	0.600	0.000	7.89
300.1200	321.4800	0.556600	982.2000	0.0000	0.600	0.000	7.89
300.8200	322.0600	0.555600	982.2000	-1.0600	0.600	0.000	7.89
301.5000	322.6600	0.584300	982.2000	28.7300	0.600	0.000	7.89
302.1800	323.2600	0.584300	982.2000	0.0000	0.600	0.000	7.89
302.8600	323.8700	0.562000	1528.0800	-22.3500	0.600	0.000	7.89
303.5500	324.5100	0.563000	1528.0800	1.0600	0.600	0.000	7.89
304.2100	325.1700	0.563000	1528.0800	0.0000	0.600	0.000	7.89
304.8900	325.8100	0.577900	1528.0800	14.9000	0.600	0.000	7.89
305.5900	326.4300	0.566200	1528.0800	-11.7100	0.600	0.000	7.89
306.2900	327.0600	0.536400	1528.0800	-29.8000	0.600	0.000	7.89
307.0000	327.7200	0.555600	1528.0800	19.1600	0.600	0.000	7.89
307.7000	328.4200	0.641800	1528.0800	86.2000	0.600	0.000	7.89
308.4200	329.1000	0.641800	1528.0800	0.0000	0.600	0.000	7.89
309.1400	329.7600	0.721600	1528.0800	79.8200	0.600	0.000	7.89
309.8500	330.4100	0.753500	884.0400	31.9300	0.600	0.000	7.89
310.5500	331.0900	0.751400	884.0400	-2.1300	0.600	0.000	7.89
311.1900	331.7700	0.747100	884.0400	-4.2600	0.600	0.000	7.89
311.8300	332.4900	0.744000	884.0400	-3.1900	0.600	0.000	7.89
312.4700	333.2100	0.744000	884.0400	0.0000	0.600	0.000	7.89
313.1300	333.9200	0.739700	884.0400	-4.2600	0.600	0.000	7.89
313.8000	334.6800	0.738600	884.0400	-1.0600	0.600	0.000	7.89
314.4800	335.4000	0.732200	884.0400	-6.3900	0.600	0.000	7.89
315.1200	336.1200	0.735400	884.0400	3.1900	0.600	0.000	7.89
315.7800	336.8400	0.752500	-819.4300	17.0300	0.600	0.000	7.89
316.4000	337.5500	0.752500	-819.4300	0.0000	0.600	0.000	7.89
317.0100	338.2900	0.754600	-819.4300	2.1300	0.600	0.000	7.89
317.6300	339.0300	0.732200	-819.4300	-22.3500	0.600	0.000	7.89
318.2300	339.7700	0.712000	-819.4300	-20.2200	0.600	0.000	7.89
318.8500	340.5300	0.722700	-819.4300	10.6400	0.600	0.000	7.89
319.4700	341.3000	0.742900	-819.4300	20.2200	0.600	0.000	7.89
320.0700	342.0600	0.742900	-819.4300	0.0000	0.600	0.000	7.89
320.6600	342.8200	0.744000	-819.4300	1.0600	0.600	0.000	7.89
321.2600	343.5800	0.719500	-819.4300	-24.4800	0.600	0.000	7.89
321.8800	344.3700	0.691800	-731.4500	-27.6700	0.600	0.000	7.89
322.5000	345.2100	0.695000	-731.4500	3.1900	0.600	0.000	7.89
323.1400	346.0100	0.729100	-731.4500	34.0600	0.600	0.000	7.89
323.7300	346.7700	0.729100	-731.4500	0.0000	0.600	0.000	7.89
324.3300	347.5400	0.783300	-731.4500	54.2800	0.600	0.000	7.89
324.9100	348.3400	0.847200	-731.4500	63.8500	0.600	0.000	7.89
325.4900	349.1200	0.878000	-731.4500	30.8600	0.600	0.000	7.89
326.0700	349.9000	0.858900	-731.4500	-19.1600	0.600	0.000	7.89
326.6300	350.6800	0.786500	-731.4500	-72.3700	0.600	0.000	7.89
327.1800	351.4900	0.786500	-731.4500	0.0000	0.600	0.000	7.89
327.7400	352.2900	0.696100	858.9000	-90.4600	0.600	0.000	7.89
328.3000	353.0500	0.657700	858.9000	-38.3100	0.600	0.000	7.89
328.8600	353.8100	0.649200	858.9000	-8.5100	0.600	0.000	7.89
329.4400	354.5600	0.641800	858.9000	-7.4500	0.600	0.000	7.89
330.0200	355.3000	0.647100	858.9000	5.3200	0.600	0.000	7.89
330.6100	356.0400	0.647100	858.9000	0.0000	0.600	0.000	7.89
331.2500	356.7400	0.632200	858.9000	-14.9000	0.600	0.000	7.89
331.8900	357.4200	0.620500	858.9000	-11.7100	0.600	0.000	7.89
332.5700	358.0500	0.675800	858.9000	55.3400	0.600	0.000	7.89
333.2500	358.6900	0.751400	1042.0600	75.5600	0.600	0.000	7.89
333.9000	359.3300	0.775900	1042.0600	24.4800	0.600	0.000	7.89
334.5600	359.9500	0.775900	1042.0600	0.0000	0.600	0.000	7.89
335.2200	360.5500	0.755700	1042.0600	-20.2200	0.600	0.000	7.89
335.8800	361.1700	0.726900	1042.0600	-28.7300	0.600	0.000	7.89
336.5400	361.7800	0.698200	1042.0600	-28.7300	0.600	0.000	7.89
337.2000	362.3800	0.645000	1042.0600	-53.2100	0.600	0.000	7.89
337.8300	362.9600	0.579000	1042.0600	-65.9800	0.600	0.000	7.89
338.4900	363.4800	0.579000	1042.0600	0.0000	0.600	0.000	7.89
339.1300	364.0000	0.560900	1042.0600	-18.0900	0.600	0.000	7.89
339.7900	364.5400	0.603500	168.7700	42.5700	0.600	0.000	7.89
340.4300	365.0700	0.648200	168.7700	44.7000	0.600	0.000	7.89
341.0800	365.6500	0.638600	168.7700	-9.5800	0.600	0.000	7.89
341.7400	366.3100	0.566200	168.7700	-72.3700	0.600	0.000	7.89
342.4000	367.0100	0.566200	168.7700	0.0000	0.600	0.000	7.89
343.0400	367.7100	0.460900	168.7700	-105.3600	0.600	0.000	7.89
343.7200	368.4000	0.385300	168.7700	-75.5600	0.600	0.000	7.89
344.3700	369.0600	0.335300	168.7700	-50.0200	0.600	0.000	7.89
345.0100	369.7000	0.274600	168.7700	-60.6600	0.600	0.000	7.89
345.6500	370.2800	0.243800	888.2300	-30.8600	0.600	0.000	7.89
346.2900	370.8600	0.243800	888.2300	0.0000	0.600	0.000	7.89
346.9500	371.4700	0.318300	888.2300	74.5000	0.600	0.000	7.89
347.6200	372.0900	0.477900	888.2300	159.6300	0.600	0.000	7.89
348.3000	372.7500	0.600300	888.2300	122.3900	0.600	0.000	7.89
348.9800	373.4100	0.619400	888.2300	19.1600	0.600	0.000	7.89
349.6400	374.0900	0.575800	888.2300	-43.6300	0.600	0.000	7.89
350.3000	374.7900	0.575800	888.2300	0.0000	0.600	0.000	7.89
350.9300	375.4400	0.534300	888.2300	-41.5000	0.600	0.000	7.89
351.5700	376.1200	0.515100	888.2300	-19.1600	0.600	0.000	7.89
352.2100	376.8000	0.515100	28.1100	0.0000	0.600	0.000	7.89
352.8300	377.4600	0.518300	28.1100	3.1900	0.600	0.000	7.89
353.4500	378.1400	0.509800	28.1100	-8.5100	0.600	0.000	7.89
354.0900	378.8300	0.509800	28.1100	0.0000	0.600	0.000	7.89
354.7000	379.5500	0.489600	28.1100	-20.2200	0.600	0.000	7.89
355.3400	380.2900	0.474700	28.1100	-14.9000	0.600	0.000	7.89
355.9800	381.0100	0.475800	28.1100	1.0600	0.600	0.000	7.89
356.6000	381.7300	0.472600	28.1100	-3.1900	0.600	0.000	7.89
357.2000	382.4600	0.472600	28.1100	0.0000	0.600	0.000	7.89
357.7900	383.2000	0.463000	28.1100	-9.5800	0.600	0.000	7.89
358.3900	383.9400	0.496000	-662.0100	32.9900	0.600	0.000	7.89
358.9900	384.6800	0.543900	-662.0100	47.8900	0.600	0.000	7.89
359.5900	385.4300	0.504500	-662.0100	-39.3800	0.600	0.000	7.89
360.1700	386.2100	0.428900	-662.0100	-75.5600	0.600	0.000	7.89
360.7500	386.9700	0.428900	-662.0100	0.0000	0.600	0.000	7.89
361.3000	387.7500	0.417200	-662.0100	-11.7100	0.600	0.000	7.89
361.8600	388.5100	0.469400	-662.0100	52.1500	0.600	0.000	7.89
362.4200	389.2600	0.546000	-662.0100	76.6200	0.600	0.000	7.89
362.9800	390.0400	0.604500	-662.0100	58.5300	0.600	0.000	7.89
363.5400	390.7800	0.640700	-114.3400	36.1800	0.600	0.000	7.89
364.1400	391.5200	0.640700	-114.3400	0.0000	0.600	0.000	7.89
364.7300	392.2700	0.638600	-114.3400	-2.1300	0.600	0.000	7.89
365.3300	393.0100	0.606700	-114.3400	-31.9300	0.600	0.000	7.89
365.9300	393.7500	0.625800	-114.3400	19.1600	0.600	0.000	7.89
366.5300	394.4900	0.723700	-114.3400	97.9100	0.600	0.000	7.89
367.1300	395.1900	0.815300	-114.3400	91.5200	0.600	0.000	7.89
367.7500	395.8800	0.815300	-114.3400	0.0000	0.600	0.000	7.89
368.3600	396.5800	0.823800	-114.3400	8.5100	0.600	0.000	7.89
369.0000	397.2200	0.806700	-114.3400	-17.0300	0.600	0.000	7.89
369.6600	397.8200	0.831200	673.3500	24.4800	0.600	0.000	7.89
370.3200	398.4000	0.877000	673.3500	45.7600	0.600	0.000	7.89
370.9600	398.9700	0.846100	673.3500	-30.8600	0.600	0.000	7.89
371.6100	399.5300	0.846100	673.3500	0.0000	0.600	0.000	7.89
372.2700	400.0700	0.718400	673.3500	-127.7100	0.600	0.000	7.89
372.9300	400.6300	0.608800	673.3500	-109.6200	0.600	0.000	7.89
373.6300	401.1900	0.582200	673.3500	-26.6100	0.600	0.000	7.89
374.3300	401.7700	0.615200	673.3500	32.9900	0.600	0.000	7.89
375.0600	402.3200	0.649200	673.3500	34.0600	0.600	0.000	7.89
375.8000	402.9000	0.649200	673.3500	0.0000	0.600	0.000	7.89
376.5400	403.5000	0.667300	851.7200	18.0900	0.600	0.000	7.89
377.2800	404.2000	0.653500	851.7200	-13.8300	0.600	0.000	7.89
