# SYSID BEGIN dir=0 duty=0.100 samples=1000 dt=0.001 vbat=7.65
# enc[0]	enc[1]	gyro.z	accel.y	angular_accel	u.tra	u.rot	vbat
0.0000	0.0000	0.001900	-14.7200	1.0600	0.100	0.000	7.65
0.0000	0.0000	0.001900	-14.7200	0.0000	0.100	0.000	7.65
0.0000	0.0000	0.000800	-17.1100	-1.0600	0.100	0.000	7.65
0.0000	0.0000	-0.001300	-17.1100	-2.1300	0.100	0.000	7.65
0.0000	0.0000	-0.001300	-17.1100	0.0000	0.100	0.000	7.65
0.0000	0.0200	-0.006600	-17.1100	-5.3200	0.100	0.000	7.65
0.0000	0.1000	-0.023600	-17.1100	-17.0300	0.100	0.000	7.65
0.0200	0.2000	-0.058700	-17.1100	-35.1200	0.100	0.000	7.65
0.0400	0.3000	-0.094900	-17.1100	-36.1800	0.100	0.000	7.65
0.0800	0.3600	-0.094900	-17.1100	0.0000	0.100	0.000	7.65
0.1000	0.3800	-0.083200	-17.1100	11.7100	0.100	0.000	7.65
0.1400	0.3800	-0.014100	-17.1100	69.1700	0.100	0.000	7.65
0.1800	0.3800	0.076400	2474.0500	90.4600	0.100	0.000	7.65
0.2200	0.3800	0.141300	2474.0500	64.9200	0.100	0.000	7.65
0.2400	0.4000	0.171100	2474.0500	29.8000	0.100	0.000	7.65
0.2800	0.4200	0.171100	2474.0500	0.0000	0.100	0.000	7.65
0.3200	0.4800	0.191300	2474.0500	20.2200	0.100	0.000	7.65
0.3800	0.5400	0.215800	2474.0500	24.4800	0.100	0.000	7.65
0.4200	0.6000	0.246700	2474.0500	30.8600	0.100	0.000	7.65
0.4600	0.6600	0.286100	2474.0500	39.3800	0.100	0.000	7.65
0.5000	0.7200	0.321200	2474.0500	35.1200	0.100	0.000	7.65
0.5600	0.7800	0.321200	2474.0500	0.0000	0.100	0.000	7.65
0.6000	0.8400	0.337100	2647.0400	15.9600	0.100	0.000	7.65
0.6400	0.9000	0.331800	2647.0400	-5.3200	0.100	0.000	7.65
0.6800	0.9800	0.321200	2647.0400	-10.6400	0.100	0.000	7.65
0.7400	1.0600	0.315900	2647.0400	-5.3200	0.100	0.000	7.65
0.7800	1.1400	0.321200	2647.0400	5.3200	0.100	0.000	7.65
0.8200	1.2000	0.321200	2647.0400	0.0000	0.100	0.000	7.65
0.8800	1.2800	0.334000	2647.0400	12.7700	0.100	0.000	7.65
0.9400	1.3600	0.348800	2647.0400	14.9000	0.100	0.000	7.65
0.9800	1.4400	0.353100	2647.0400	4.2600	0.100	0.000	7.65
1.0400	1.5200	0.343500	1528.9400	-9.5800	0.100	0.000	7.65
1.1000	1.6000	0.326500	1528.9400	-17.0300	0.100	0.000	7.65
1.1600	1.6800	0.326500	1528.9400	0.0000	0.100	0.000	7.65
1.2200	1.7500	0.314800	1528.9400	-11.7100	0.100	0.000	7.65
1.3000	1.8300	0.315900	1528.9400	1.0600	0.100	0.000	7.65
1.3800	1.9100	0.319100	1528.9400	3.1900	0.100	0.000	7.65
1.4600	1.9900	0.310500	1528.9400	-8.5100	0.100	0.000	7.65
1.5400	2.0700	0.286100	1528.9400	-24.4800	0.100	0.000	7.65
1.6000	2.1500	0.286100	1528.9400	0.0000	0.100	0.000	7.65
1.6800	2.2300	0.246700	1528.9400	-39.3800	0.100	0.000	7.65
1.7500	2.3300	0.204100	1956.3100	-42.5700	0.100	0.000	7.65
1.8300	2.4300	0.177500	1956.3100	-26.6100	0.100	0.000	7.65
1.9300	2.5300	0.167900	1956.3100	-9.5800	0.100	0.000	7.65
2.0100	2.6300	0.163700	1956.3100	-4.2600	0.100	0.000	7.65
2.1100	2.7300	0.163700	1956.3100	0.0000	0.100	0.000	7.65
2.2300	2.8300	0.152000	1956.3100	-11.7100	0.100	0.000	7.65
2.3300	2.9300	0.119000	1956.3100	-32.9900	0.100	0.000	7.65
2.4700	3.0300	0.073200	1956.3100	-45.7600	0.100	0.000	7.65
2.5900	3.1300	0.042400	1956.3100	-30.8600	0.100	0.000	7.65
2.7500	3.2300	0.024300	2363.9200	-18.0900	0.100	0.000	7.65
2.8900	3.3300	0.024300	2363.9200	0.0000	0.100	0.000	7.65
3.0300	3.4300	0.001900	2363.9200	-22.3500	0.100	0.000	7.65
3.1700	3.5300	-0.037500	2363.9200	-39.3800	0.100	0.000	7.65
3.3100	3.6300	-0.093900	2363.9200	-56.4000	0.100	0.000	7.65
3.4500	3.7300	-0.163000	2363.9200	-69.1700	0.100	0.000	7.65
3.5900	3.8500	-0.236500	2363.9200	-73.4300	0.100	0.000	7.65
3.7300	3.9700	-0.236500	2363.9200	0.0000	0.100	0.000	7.65
3.8900	4.1100	-0.298200	2363.9200	-61.7300	0.100	0.000	7.65
4.0300	4.2300	-0.325900	2363.9200	-27.6700	0.100	0.000	7.65
4.1900	4.3500	-0.316300	1871.3100	9.5800	0.100	0.000	7.65
4.3300	4.4700	-0.287600	1871.3100	28.7300	0.100	0.000	7.65
4.4900	4.6100	-0.258800	1871.3100	28.7300	0.100	0.000	7.65
4.6300	4.7300	-0.258800	1871.3100	0.0000	0.100	0.000	7.65
4.7700	4.8700	-0.228000	1871.3100	30.8600	0.100	0.000	7.65
4.9300	4.9900	-0.180100	1871.3100	47.8900	0.100	0.000	7.65
5.0900	5.1300	-0.117300	1871.3100	62.7900	0.100	0.000	7.65
5.2400	5.2800	-0.050200	1871.3100	67.0500	0.100	0.000	7.65
5.3800	5.4200	0.009400	1871.3100	59.6000	0.100	0.000	7.65
5.5400	5.5600	0.009400	1871.3100	0.0000	0.100	0.000	7.65
5.7000	5.7200	0.057300	1789.9100	47.8900	0.100	0.000	7.65
5.8400	5.8600	0.095600	1789.9100	38.3100	0.100	0.000	7.65
6.0000	6.0200	0.117900	1789.9100	22.3500	0.100	0.000	7.65
6.1600	6.1800	0.124300	1789.9100	6.3900	0.100	0.000	7.65
6.3200	6.3400	0.129600	1789.9100	5.3200	0.100	0.000	7.65
6.5000	6.5200	0.129600	1789.9100	0.0000	0.100	0.000	7.65
6.6600	6.7000	0.140300	1789.9100	10.6400	0.100	0.000	7.65
6.8400	6.8600	0.155200	1789.9100	14.9000	0.100	0.000	7.65
7.0400	7.0400	0.171100	1789.9100	15.9600	0.100	0.000	7.65
7.2200	7.2000	0.189200	2225.0600	18.0900	0.100	0.000	7.65
7.4000	7.3800	0.189200	2225.0600	0.0000	0.100	0.000	7.65
7.5800	7.5600	0.200900	2225.0600	11.7100	0.100	0.000	7.65
7.7600	7.7400	0.189200	2225.0600	-11.7100	0.100	0.000	7.65
7.9400	7.9200	0.157300	2225.0600	-31.9300	0.100	0.000	7.65
8.1200	8.1400	0.132800	2225.0600	-24.4800	0.100	0.000	7.65
8.3200	8.3600	0.139200	2225.0600	6.3900	0.100	0.000	7.65
8.5000	8.5700	0.139200	2225.0600	0.0000	0.100	0.000	7.65
8.6900	8.7700	0.185000	2225.0600	45.7600	0.100	0.000	7.65
8.8700	8.9500	0.266900	2225.0600	81.9500	0.100	0.000	7.65
9.0700	9.1500	0.358400	1790.5100	91.5200	0.100	0.000	7.65
9.2700	9.3300	0.428700	1790.5100	70.2400	0.100	0.000	7.65
9.4700	9.5300	0.453100	1790.5100	24.4800	0.100	0.000	7.65
9.6700	9.7300	0.453100	1790.5100	0.0000	0.100	0.000	7.65
9.8700	9.9500	0.428700	1790.5100	-24.4800	0.100	0.000	7.65
10.0900	10.1900	0.377600	1790.5100	-51.0800	0.100	0.000	7.65
10.3100	10.4100	0.320100	1790.5100	-57.4700	0.100	0.000	7.65
10.5100	10.6300	0.258400	1790.5100	-61.7300	0.100	0.000	7.65
10.7100	10.8500	0.208400	1790.5100	-50.0200	0.100	0.000	7.65
10.9100	11.0700	0.208400	1790.5100	0.0000	0.100	0.000	7.65
11.1100	11.2900	0.182800	1526.5500	-25.5400	0.100	0.000	7.65
11.3300	11.5100	0.171100	1526.5500	-11.7100	0.100	0.000	7.65
11.5500	11.7500	0.166900	1526.5500	-4.2600	0.100	0.000	7.65
11.7700	12.0000	0.166900	1526.5500	0.0000	0.100	0.000	7.65
12.0000	12.2600	0.171100	1526.5500	4.2600	0.100	0.000	7.65
12.2600	12.5200	0.171100	1526.5500	0.0000	0.100	0.000	7.65
12.5000	12.7600	0.204100	1526.5500	32.9900	0.100	0.000	7.65
12.7200	13.0000	0.272200	1526.5500	68.1100	0.100	0.000	7.65
12.9400	13.2400	0.327600	1526.5500	55.3400	0.100	0.000	7.65
13.1800	13.4800	0.329700	1971.2700	2.1300	0.100	0.000	7.65
13.4000	13.7400	0.299900	1971.2700	-29.8000	0.100	0.000	7.65
13.6400	14.0200	0.299900	1971.2700	0.0000	0.100	0.000	7.65
13.9000	14.3000	0.277500	1971.2700	-22.3500	0.100	0.000	7.65
14.1800	14.5600	0.276500	1971.2700	-1.0600	0.100	0.000	7.65
14.4400	14.8400	0.290300	1971.2700	13.8300	0.100	0.000	7.65
14.7200	15.1200	0.310500	1971.2700	20.2200	0.100	0.000	7.65
14.9800	15.3800	0.304200	1971.2700	-6.3900	0.100	0.000	7.65
15.2200	15.6700	0.304200	1971.2700	0.0000	0.100	0.000	7.65
15.4500	15.9500	0.261600	1971.2700	-42.5700	0.100	0.000	7.65
15.6900	16.2700	0.230700	1729.4600	-30.8600	0.100	0.000	7.65
15.9500	16.5700	0.252000	1729.4600	21.2800	0.100	0.000	7.65
16.2300	16.8300	0.319100	1729.4600	67.0500	0.100	0.000	7.65
16.4900	17.1100	0.394600	1729.4600	75.5600	0.100	0.000	7.65
16.7700	17.3900	0.394600	1729.4600	0.0000	0.100	0.000	7.65
17.0300	17.6900	0.445700	1729.4600	51.0800	0.100	0.000	7.65
17.3100	18.0100	0.459500	1729.4600	13.8300	0.100	0.000	7.65
17.5700	18.3300	0.421200	1729.4600	-38.3100	0.100	0.000	7.65
17.8500	18.6300	0.356300	1729.4600	-64.9200	0.100	0.000	7.65
18.1300	18.9000	0.316900	1301.4900	-39.3800	0.100	0.000	7.65
18.4100	19.2000	0.316900	1301.4900	0.0000	0.100	0.000	7.65
18.6900	19.5000	0.302000	1301.4900	-14.9000	0.100	0.000	7.65
18.9600	19.8400	0.293500	1301.4900	-8.5100	0.100	0.000	7.65
19.2600	20.1800	0.290300	1301.4900	-3.1900	0.100	0.000	7.65
19.5400	20.5000	0.282900	1301.4900	-7.4500	0.100	0.000	7.65
19.8200	20.8000	0.276500	1301.4900	-6.3900	0.100	0.000	7.65
20.1200	21.1200	0.276500	1301.4900	0.0000	0.100	0.000	7.65
20.4200	21.4200	0.295600	1301.4900	19.1600	0.100	0.000	7.65
20.7200	21.7200	0.335000	1301.4900	39.3800	0.100	0.000	7.65
21.0400	22.0800	0.363700	1451.7300	28.7300	0.100	0.000	7.65
21.3400	22.4100	0.372300	1451.7300	8.5100	0.100	0.000	7.65
21.6600	22.7500	0.372300	1451.7300	0.0000	0.100	0.000	7.65
21.9600	23.0700	0.372300	1451.7300	0.0000	0.100	0.000	7.65
22.2500	23.3900	0.370100	1451.7300	-2.1300	0.100	0.000	7.65
22.5500	23.7100	0.361600	1451.7300	-8.5100	0.100	0.000	7.65
22.8500	24.0300	0.327600	1451.7300	-34.0600	0.100	0.000	7.65
23.1500	24.3900	0.286100	1451.7300	-41.5000	0.100	0.000	7.65
23.4500	24.7500	0.269000	1451.7300	-17.0300	0.100	0.000	7.65
23.7500	25.0900	0.269000	1451.7300	0.0000	0.100	0.000	7.65
24.0700	25.3900	0.294600	1483.4500	25.5400	0.100	0.000	7.65
24.3900	25.7000	0.354200	1483.4500	59.6000	0.100	0.000	7.65
24.7100	26.0200	0.396700	1483.4500	42.5700	0.100	0.000	7.65
25.0300	26.3600	0.395700	1483.4500	-1.0600	0.100	0.000	7.65
25.3500	26.7200	0.395700	1483.4500	0.0000	0.100	0.000	7.65
25.6700	27.0600	0.379700	1483.4500	-15.9600	0.100	0.000	7.65
25.9800	27.3800	0.377600	1483.4500	-2.1300	0.100	0.000	7.65
26.2800	27.6800	0.406300	1483.4500	28.7300	0.100	0.000	7.65
26.5800	28.0000	0.428700	1483.4500	22.3500	0.100	0.000	7.65
26.9000	28.3400	0.401000	1270.9700	-27.6700	0.100	0.000	7.65
27.2000	28.6800	0.401000	1270.9700	0.0000	0.100	0.000	7.65
27.5000	29.0000	0.336100	1270.9700	-64.9200	0.100	0.000	7.65
27.8000	29.3100	0.297800	1270.9700	-38.3100	0.100	0.000	7.65
28.1000	29.6100	0.343500	1270.9700	45.7600	0.100	0.000	7.65
28.4200	29.9300	0.417000	1270.9700	73.4300	0.100	0.000	7.65
28.7600	30.2500	0.429700	1270.9700	12.7700	0.100	0.000	7.65
29.0800	30.5900	0.429700	1270.9700	0.0000	0.100	0.000	7.65
29.4100	30.9100	0.399900	1270.9700	-29.8000	0.100	0.000	7.65
29.7300	31.2300	0.377600	1270.9700	-22.3500	0.100	0.000	7.65
30.0500	31.5300	0.375500	1610.9400	-2.1300	0.100	0.000	7.65
30.3700	31.8300	0.392500	1610.9400	17.0300	0.100	0.000	7.65
30.6900	32.1300	0.392500	1610.9400	0.0000	0.100	0.000	7.65
30.9900	32.4300	0.392500	1610.9400	0.0000	0.100	0.000	7.65
31.3100	32.7200	0.354200	1610.9400	-38.3100	0.100	0.000	7.65
31.6300	33.0000	0.325400	1610.9400	-28.7300	0.100	0.000	7.65
31.9500	33.3000	0.358400	1610.9400	32.9900	0.100	0.000	7.65
32.2900	33.6000	0.440400	1610.9400	81.9500	0.100	0.000	7.65
32.6200	33.9200	0.482900	1610.9400	42.5700	0.100	0.000	7.65
32.9600	34.2600	0.482900	1610.9400	0.0000	0.100	0.000	7.65
33.3000	34.5800	0.445700	1300.3000	-37.2500	0.100	0.000	7.65
33.6400	34.8800	0.378600	1300.3000	-67.0500	0.100	0.000	7.65
33.9800	35.2000	0.345700	1300.3000	-32.9900	0.100	0.000	7.65
34.2800	35.5200	0.360600	1300.3000	14.9000	0.100	0.000	7.65
34.5800	35.8400	0.378600	1300.3000	18.0900	0.100	0.000	7.65
34.9000	36.1500	0.378600	1300.3000	0.0000	0.100	0.000	7.65
35.2400	36.4500	0.362700	1300.3000	-15.9600	0.100	0.000	7.65
35.5800	36.7900	0.331800	1300.3000	-30.8600	0.100	0.000	7.65
35.9200	37.1100	0.321200	1300.3000	-10.6400	0.100	0.000	7.65
36.2500	37.4500	0.345700	1449.3400	24.4800	0.100	0.000	7.65
36.5900	37.7900	0.365900	1449.3400	20.2200	0.100	0.000	7.65
36.9700	38.1300	0.365900	1449.3400	0.0000	0.100	0.000	7.65
37.3300	38.4900	0.334000	1449.3400	-31.9300	0.100	0.000	7.65
37.6700	38.8300	0.280700	1449.3400	-53.2100	0.100	0.000	7.65
38.0100	39.1900	0.291400	1449.3400	10.6400	0.100	0.000	7.65
38.3500	39.5400	0.355200	1449.3400	63.8500	0.100	0.000	7.65
38.6900	39.9000	0.393500	1449.3400	38.3100	0.100	0.000	7.65
39.0500	40.2400	0.393500	1449.3400	0.0000	0.100	0.000	7.65
39.4200	40.6000	0.379700	1449.3400	-13.8300	0.100	0.000	7.65
39.8000	40.9800	0.343500	975.8800	-36.1800	0.100	0.000	7.65
40.1600	41.3800	0.338200	975.8800	-5.3200	0.100	0.000	7.65
40.5200	41.7800	0.357400	975.8800	19.1600	0.100	0.000	7.65
40.9000	42.1600	0.357400	975.8800	0.0000	0.100	0.000	7.65
41.2600	42.5200	0.357400	975.8800	0.0000	0.100	0.000	7.65
41.6200	42.8700	0.355200	975.8800	-2.1300	0.100	0.000	7.65
41.9800	43.2500	0.373300	975.8800	18.0900	0.100	0.000	7.65
42.3400	43.6300	0.413800	975.8800	40.4400	0.100	0.000	7.65
42.7200	44.0500	0.446800	975.8800	32.9900	0.100	0.000	7.65
43.0900	44.4500	0.438200	1323.6400	-8.5100	0.100	0.000	7.65
43.4700	44.8500	0.438200	1323.6400	0.0000	0.100	0.000	7.65
43.8300	45.2700	0.396700	1323.6400	-41.5000	0.100	0.000	7.65
44.1900	45.6700	0.360600	1323.6400	-36.1800	0.100	0.000	7.65
44.5500	46.0500	0.353100	1323.6400	-7.4500	0.100	0.000	7.65
44.9300	46.4400	0.339300	1323.6400	-13.8300	0.100	0.000	7.65
45.3100	46.8200	0.297800	1323.6400	-41.5000	0.100	0.000	7.65
45.6700	47.2200	0.297800	1323.6400	0.0000	0.100	0.000	7.65
46.0500	47.6400	0.271200	1323.6400	-26.6100	0.100	0.000	7.65
46.4200	48.0400	0.305200	1323.6400	34.0600	0.100	0.000	7.65
46.8200	48.4600	0.384000	877.1200	78.7500	0.100	0.000	7.65
47.2200	48.8800	0.421200	877.1200	37.2500	0.100	0.000	7.65
47.6000	49.3400	0.382900	877.1200	-38.3100	0.100	0.000	7.65
47.9800	49.7700	0.382900	877.1200	0.0000	0.100	0.000	7.65
48.3600	50.2100	0.326500	877.1200	-56.4000	0.100	0.000	7.65
48.7600	50.6100	0.290300	877.1200	-36.1800	0.100	0.000	7.65
49.1600	51.0300	0.252000	877.1200	-38.3100	0.100	0.000	7.65
49.5400	51.4900	0.241400	877.1200	-10.6400	0.100	0.000	7.65
49.9300	51.9700	0.262600	877.1200	21.2800	0.100	0.000	7.65
50.3500	52.4300	0.262600	877.1200	0.0000	0.100	0.000	7.65
50.7500	52.8900	0.254100	1002.2200	-8.5100	0.100	0.000	7.65
51.1300	53.3200	0.207300	1002.2200	-46.8300	0.100	0.000	7.65
51.5300	53.8000	0.157300	1002.2200	-50.0200	0.100	0.000	7.65
51.9100	54.2600	0.136000	1002.2200	-21.2800	0.100	0.000	7.65
52.3100	54.7200	0.136000	1002.2200	0.0000	0.100	0.000	7.65
52.7100	55.1400	0.126400	1002.2200	-9.5800	0.100	0.000	7.65
53.1200	55.6200	0.109400	1002.2200	-17.0300	0.100	0.000	7.65
53.5200	56.1200	0.124300	1002.2200	14.9000	0.100	0.000	7.65
53.9400	56.5700	0.169000	1002.2200	44.7000	0.100	0.000	7.65
54.3600	57.0300	0.192400	798.7100	23.4100	0.100	0.000	7.65
54.7600	57.5300	0.192400	798.7100	0.0000	0.100	0.000	7.65
55.1600	58.0500	0.167900	798.7100	-24.4800	0.100	0.000	7.65
55.5600	58.5300	0.132800	798.7100	-35.1200	0.100	0.000	7.65
55.9400	58.9700	0.125400	798.7100	-7.4500	0.100	0.000	7.65
56.3400	59.4900	0.114700	798.7100	-10.6400	0.100	0.000	7.65
56.7300	60.0400	0.096600	798.7100	-18.0900	0.100	0.000	7.65
57.1500	60.5600	0.096600	798.7100	0.0000	0.100	0.000	7.65
57.5900	61.0200	0.120000	798.7100	23.4100	0.100	0.000	7.65
57.9900	61.4800	0.163700	798.7100	43.6300	0.100	0.000	7.65
58.4100	61.9800	0.178600	1451.7300	14.9000	0.100	0.000	7.65
58.8300	62.5000	0.156200	1451.7300	-22.3500	0.100	0.000	7.65
59.2700	63.0000	0.126400	1451.7300	-29.8000	0.100	0.000	7.65
59.7100	63.4900	0.126400	1451.7300	0.0000	0.100	0.000	7.65
60.1200	64.0700	0.099800	1451.7300	-26.6100	0.100	0.000	7.65
60.5400	64.6300	0.087100	1451.7300	-12.7700	0.100	0.000	7.65
61.0000	65.1300	0.122200	1451.7300	35.1200	0.100	0.000	7.65
61.4600	65.6500	0.187100	1451.7300	64.9200	0.100	0.000	7.65
61.9200	66.1700	0.241400	1451.7300	54.2800	0.100	0.000	7.65
62.3600	66.6900	0.241400	1451.7300	0.0000	0.100	0.000	7.65
62.7800	67.1800	0.283900	890.2900	42.5700	0.100	0.000	7.65
63.2200	67.6600	0.319100	890.2900	35.1200	0.100	0.000	7.65
63.6300	68.1600	0.314800	890.2900	-4.2600	0.100	0.000	7.65
64.0700	68.7000	0.262600	890.2900	-52.1500	0.100	0.000	7.65
64.5100	69.2000	0.219000	890.2900	-43.6300	0.100	0.000	7.65
64.9300	69.6600	0.219000	890.2900	0.0000	0.100	0.000	7.65
65.3700	70.1200	0.233900	890.2900	14.9000	0.100	0.000	7.65
65.8100	70.5500	0.276500	890.2900	42.5700	0.100	0.000	7.65
66.2500	71.0100	0.296700	890.2900	20.2200	0.100	0.000	7.65
66.6900	71.4300	0.281800	1188.9700	-14.9000	0.100	0.000	7.65
67.1000	71.8700	0.257300	1188.9700	-24.4800	0.100	0.000	7.65
67.5200	72.3500	0.257300	1188.9700	0.0000	0.100	0.000	7.65
67.9400	72.8100	0.250900	1188.9700	-6.3900	0.100	0.000	7.65
68.3800	73.2700	0.264800	1188.9700	13.8300	0.100	0.000	7.65
68.8200	73.7200	0.273300	1188.9700	8.5100	0.100	0.000	7.65
69.2600	74.2000	0.283900	1188.9700	10.6400	0.100	0.000	7.65
69.6800	74.6600	0.303100	1188.9700	19.1600	0.100	0.000	7.65
70.1200	75.1000	0.303100	1188.9700	0.0000	0.100	0.000	7.65
70.5500	75.4800	0.303100	1188.9700	0.0000	0.100	0.000	7.65
70.9900	75.8600	0.268000	889.0900	-35.1200	0.100	0.000	7.65
71.4300	76.2400	0.248800	889.0900	-19.1600	0.100	0.000	7.65
71.8700	76.6000	0.274400	889.0900	25.5400	0.100	0.000	7.65
72.2900	77.0000	0.294600	889.0900	20.2200	0.100	0.000	7.65
72.7100	77.4100	0.294600	889.0900	0.0000	0.100	0.000	7.65
73.1300	77.8700	0.285000	889.0900	-9.5800	0.100	0.000	7.65
73.5500	78.3300	0.262600	889.0900	-22.3500	0.100	0.000	7.65
73.9600	78.8100	0.255200	889.0900	-7.4500	0.100	0.000	7.65
74.3800	79.2900	0.273300	889.0900	18.0900	0.100	0.000	7.65
74.8000	79.7700	0.301000	1275.1600	27.6700	0.100	0.000	7.65
75.2600	80.2100	0.301000	1275.1600	0.0000	0.100	0.000	7.65
75.7000	80.6200	0.324400	1275.1600	23.4100	0.100	0.000	7.65
76.1800	81.0600	0.323300	1275.1600	-1.0600	0.100	0.000	7.65
76.6200	81.5200	0.298800	1275.1600	-24.4800	0.100	0.000	7.65
77.0500	81.9600	0.304200	1275.1600	5.3200	0.100	0.000	7.65
77.4700	82.4200	0.345700	1275.1600	41.5000	0.100	0.000	7.65
77.9100	82.8600	0.345700	1275.1600	0.0000	0.100	0.000	7.65
78.3300	83.3000	0.379700	1275.1600	34.0600	0.100	0.000	7.65
78.7500	83.7600	0.406300	1275.1600	26.6100	0.100	0.000	7.65
79.1900	84.2100	0.444600	1443.3500	38.3100	0.100	0.000	7.65
79.6500	84.6700	0.459500	1443.3500	14.9000	0.100	0.000	7.65
80.1100	85.1500	0.434000	1443.3500	-25.5400	0.100	0.000	7.65
80.5600	85.5900	0.434000	1443.3500	0.0000	0.100	0.000	7.65
81.0000	86.0100	0.419100	1443.3500	-14.9000	0.100	0.000	7.65
81.4800	86.4700	0.446800	1443.3500	27.6700	0.100	0.000	7.65
81.9400	86.9500	0.478700	1443.3500	31.9300	0.100	0.000	7.65
82.4200	87.4400	0.486100	1443.3500	7.4500	0.100	0.000	7.65
82.9000	87.9200	0.493600	1443.3500	7.4500	0.100	0.000	7.65
83.3800	88.4200	0.493600	1443.3500	0.0000	0.100	0.000	7.65
83.8600	88.9000	0.504200	1109.3600	10.6400	0.100	0.000	7.65
84.3300	89.3600	0.493600	1109.3600	-10.6400	0.100	0.000	7.65
84.8300	89.8200	0.485100	1109.3600	-8.5100	0.100	0.000	7.65
85.3100	90.3000	0.520200	1109.3600	35.1200	0.100	0.000	7.65
85.8100	90.7900	0.520200	1109.3600	0.0000	0.100	0.000	7.65
86.2900	91.2900	0.569100	1109.3600	48.9500	0.100	0.000	7.65
86.7700	91.7900	0.567000	1109.3600	-2.1300	0.100	0.000	7.65
87.2500	92.3100	0.510600	1109.3600	-56.4000	0.100	0.000	7.65
87.7200	92.8300	0.451000	1109.3600	-59.6000	0.100	0.000	7.65
88.1800	93.3300	0.432900	342.0200	-18.0900	0.100	0.000	7.65
88.6200	93.8300	0.432900	342.0200	0.0000	0.100	0.000	7.65
89.0800	94.3800	0.461700	342.0200	28.7300	0.100	0.000	7.65
89.5200	94.9400	0.498900	342.0200	37.2500	0.100	0.000	7.65
89.9800	95.4600	0.502100	342.0200	3.1900	0.100	0.000	7.65
90.4600	95.9600	0.494600	342.0200	-7.4500	0.100	0.000	7.65
90.9700	96.5200	0.508500	342.0200	13.8300	0.100	0.000	7.65
91.4900	97.1000	0.508500	342.0200	0.0000	0.100	0.000	7.65
92.0100	97.6300	0.524400	342.0200	15.9600	0.100	0.000	7.65
92.5100	98.2100	0.522300	342.0200	-2.1300	0.100	0.000	7.65
92.9900	98.7900	0.517000	492.8500	-5.3200	0.100	0.000	7.65
93.4900	99.3300	0.559600	492.8500	42.5700	0.100	0.000	7.65
93.9900	99.9100	0.611700	492.8500	52.1500	0.100	0.000	7.65
94.4800	100.5100	0.611700	492.8500	0.0000	0.100	0.000	7.65
94.9800	101.0800	0.606400	492.8500	-5.3200	0.100	0.000	7.65
95.4400	101.6200	0.593600	492.8500	-12.7700	0.100	0.000	7.65
95.9200	102.2200	0.621300	492.8500	27.6700	0.100	0.000	7.65
96.4200	102.8400	0.645800	492.8500	24.4800	0.100	0.000	7.65
96.9600	103.4000	0.655300	492.8500	9.5800	0.100	0.000	7.65
97.4800	103.9600	0.655300	492.8500	0.0000	0.100	0.000	7.65
98.0300	104.5500	0.689400	874.1300	34.0600	0.100	0.000	7.65
98.5700	105.1500	0.738400	874.1300	48.9500	0.100	0.000	7.65
99.1100	105.7100	0.752200	874.1300	13.8300	0.100	0.000	7.65
99.6300	106.3100	0.737300	874.1300	-14.9000	0.100	0.000	7.65
100.1500	106.9100	0.727700	874.1300	-9.5800	0.100	0.000	7.65
100.6700	107.4700	0.727700	874.1300	0.0000	0.100	0.000	7.65
101.2200	108.0200	0.719200	874.1300	-8.5100	0.100	0.000	7.65
101.7600	108.6000	0.717100	874.1300	-2.1300	0.100	0.000	7.65
102.3200	109.2000	0.728800	874.1300	11.7100	0.100	0.000	7.65
102.8600	109.7400	0.756400	1244.0300	27.6700	0.100	0.000	7.65
103.4000	110.3200	0.804300	1244.0300	47.8900	0.100	0.000	7.65
103.9400	110.9000	0.804300	1244.0300	0.0000	0.100	0.000	7.65
104.4700	111.4500	0.843700	1244.0300	39.3800	0.100	0.000	7.65
105.0300	111.9900	0.844800	1244.0300	1.0600	0.100	0.000	7.65
105.5700	112.5300	0.822400	1244.0300	-22.3500	0.100	0.000	7.65
106.0900	113.0300	0.799000	1244.0300	-23.4100	0.100	0.000	7.65
106.6300	113.5300	0.784100	1244.0300	-14.9000	0.100	0.000	7.65
107.1900	114.0300	0.784100	1244.0300	0.0000	0.100	0.000	7.65
107.7100	114.5300	0.783100	1244.0300	-1.0600	0.100	0.000	7.65
108.2200	115.0000	0.779900	1194.3500	-3.1900	0.100	0.000	7.65
108.7200	115.4800	0.743700	1194.3500	-36.1800	0.100	0.000	7.65
109.2400	115.9800	0.701100	1194.3500	-42.5700	0.100	0.000	7.65
109.7400	116.4800	0.700000	1194.3500	-1.0600	0.100	0.000	7.65
110.2600	116.9600	0.700000	1194.3500	0.0000	0.100	0.000	7.65
110.7800	117.4000	0.695800	1194.3500	-4.2600	0.100	0.000	7.65
111.3300	117.8800	0.666000	1194.3500	-29.8000	0.100	0.000	7.65
111.8700	118.3100	0.649000	1194.3500	-17.0300	0.100	0.000	7.65
112.4500	118.7500	0.661700	1194.3500	12.7700	0.100	0.000	7.65
113.0100	119.1900	0.703200	1145.8700	41.5000	0.100	0.000	7.65
113.5900	119.6500	0.703200	1145.8700	0.0000	0.100	0.000	7.65
114.1300	120.1500	0.757500	1145.8700	54.2800	0.100	0.000	7.65
114.6900	120.6900	0.777700	1145.8700	20.2200	0.100	0.000	7.65
115.2200	121.2300	0.738400	1145.8700	-39.3800	0.100	0.000	7.65
115.7600	121.7600	0.667100	1145.8700	-71.3000	0.100	0.000	7.65
116.2800	122.3000	0.585100	1145.8700	-81.9500	0.100	0.000	7.65
116.8200	122.8800	0.585100	1145.8700	0.0000	0.100	0.000	7.65
117.3400	123.4600	0.513800	1145.8700	-71.3000	0.100	0.000	7.65
117.8600	124.0400	0.476600	1145.8700	-37.2500	0.100	0.000	7.65
118.3700	124.6400	0.481900	729.8800	5.3200	0.100	0.000	7.65
118.9100	125.2300	0.520200	729.8800	38.3100	0.100	0.000	7.65
119.4700	125.8100	0.553200	729.8800	32.9900	0.100	0.000	7.65
119.9900	126.3900	0.553200	729.8800	0.0000	0.100	0.000	7.65
120.5100	126.9700	0.556400	729.8800	3.1900	0.100	0.000	7.65
121.0100	127.5300	0.523400	729.8800	-32.9900	0.100	0.000	7.65
121.5400	128.0900	0.488300	729.8800	-35.1200	0.100	0.000	7.65
122.0800	128.6200	0.479700	729.8800	-8.5100	0.100	0.000	7.65
122.5800	129.2200	0.505300	729.8800	25.5400	0.100	0.000	7.65
123.1000	129.8000	0.505300	729.8800	0.0000	0.100	0.000	7.65
123.6000	130.4200	0.539300	323.4600	34.0600	0.100	0.000	7.65
124.1200	131.0600	0.545700	323.4600	6.3900	0.100	0.000	7.65
124.6400	131.7200	0.539300	323.4600	-6.3900	0.100	0.000	7.65
125.1500	132.3300	0.527600	323.4600	-11.7100	0.100	0.000	7.65
125.6700	132.9500	0.527600	323.4600	0.0000	0.100	0.000	7.65
126.2500	133.5900	0.518100	323.4600	-9.5800	0.100	0.000	7.65
126.7900	134.2100	0.502100	323.4600	-15.9600	0.100	0.000	7.65
127.3300	134.8100	0.506400	323.4600	4.2600	0.100	0.000	7.65
127.8500	135.4200	0.547900	323.4600	41.5000	0.100	0.000	7.65
128.4000	136.0800	0.564900	106.7900	17.0300	0.100	0.000	7.65
128.9400	136.7200	0.564900	106.7900	0.0000	0.100	0.000	7.65
129.5000	137.3800	0.550000	106.7900	-14.9000	0.100	0.000	7.65
130.0400	138.0400	0.512700	106.7900	-37.2500	0.100	0.000	7.65
130.6000	138.6900	0.440400	106.7900	-72.3700	0.100	0.000	7.65
131.1600	139.3700	0.380800	106.7900	-59.6000	0.100	0.000	7.65
131.7000	140.0500	0.358400	106.7900	-22.3500	0.100	0.000	7.65
132.2500	140.7100	0.358400	106.7900	0.0000	0.100	0.000	7.65
132.8100	141.3900	0.364800	106.7900	6.3900	0.100	0.000	7.65
133.3700	142.0500	0.390400	106.7900	25.5400	0.100	0.000	7.65
133.9500	142.7000	0.394600	1202.7300	4.2600	0.100	0.000	7.65
134.4900	143.3600	0.359500	1202.7300	-35.1200	0.100	0.000	7.65
135.0700	144.0400	0.330800	1202.7300	-28.7300	0.100	0.000	7.65
135.6200	144.7000	0.330800	1202.7300	0.0000	0.100	0.000	7.65
136.1800	145.3800	0.307300	1202.7300	-23.4100	0.100	0.000	7.65
136.7600	146.0500	0.269000	1202.7300	-38.3100	0.100	0.000	7.65
137.3200	146.7500	0.268000	1202.7300	-1.0600	0.100	0.000	7.65
137.8600	147.4500	0.304200	1202.7300	36.1800	0.100	0.000	7.65
138.4000	148.1500	0.307300	1202.7300	3.1900	0.100	0.000	7.65
138.9500	148.8300	0.307300	1202.7300	0.0000	0.100	0.000	7.65
139.4900	149.5000	0.286100	198.3700	-21.2800	0.100	0.000	7.65
140.0500	150.1800	0.309500	198.3700	23.4100	0.100	0.000	7.65
140.5900	150.8800	0.381800	198.3700	72.3700	0.100	0.000	7.65
141.1500	151.5400	0.438200	198.3700	56.4000	0.100	0.000	7.65
141.7100	152.1800	0.427600	198.3700	-10.6400	0.100	0.000	7.65
142.2600	152.8300	0.427600	198.3700	0.0000	0.100	0.000	7.65
142.8000	153.4300	0.366900	198.3700	-60.6600	0.100	0.000	7.65
143.3400	153.9900	0.357400	198.3700	-9.5800	0.100	0.000	7.65
143.9000	154.5500	0.427600	198.3700	70.2400	0.100	0.000	7.65
144.4800	155.1100	0.490400	1153.6500	62.7900	0.100	0.000	7.65
145.0600	155.6500	0.512700	1153.6500	22.3500	0.100	0.000	7.65
145.6300	156.1800	0.512700	1153.6500	0.0000	0.100	0.000	7.65
146.1900	156.7000	0.526600	1153.6500	13.8300	0.100	0.000	7.65
146.7500	157.2200	0.509500	1153.6500	-17.0300	0.100	0.000	7.65
147.3300	157.7400	0.434000	1153.6500	-75.5600	0.100	0.000	7.65
147.9100	158.2600	0.348800	1153.6500	-85.1400	0.100	0.000	7.65
148.4700	158.7600	0.318000	1153.6500	-30.8600	0.100	0.000	7.65
149.0200	159.2700	0.318000	1153.6500	0.0000	0.100	0.000	7.65
149.6000	159.8300	0.345700	1153.6500	27.6700	0.100	0.000	7.65
150.1800	160.4100	0.379700	967.5000	34.0600	0.100	0.000	7.65
150.7600	160.9900	0.368000	967.5000	-11.7100	0.100	0.000	7.65
151.3200	161.5900	0.328600	967.5000	-39.3800	0.100	0.000	7.65
151.9000	162.1900	0.307300	967.5000	-21.2800	0.100	0.000	7.65
152.4500	162.7400	0.307300	967.5000	0.0000	0.100	0.000	7.65
153.0300	163.2800	0.286100	967.5000	-21.2800	0.100	0.000	7.65
153.6100	163.7800	0.249900	967.5000	-36.1800	0.100	0.000	7.65
154.1900	164.2800	0.247700	967.5000	-2.1300	0.100	0.000	7.65
154.7700	164.8000	0.326500	967.5000	78.7500	0.100	0.000	7.65
155.3500	165.3600	0.439300	955.5300	112.8100	0.100	0.000	7.65
155.8800	165.9400	0.439300	955.5300	0.0000	0.100	0.000	7.65
156.4400	166.5300	0.501000	955.5300	61.7300	0.100	0.000	7.65
157.0200	167.1100	0.461700	955.5300	-39.3800	0.100	0.000	7.65
157.6200	167.6900	0.372300	955.5300	-89.3900	0.100	0.000	7.65
158.1800	168.2700	0.368000	955.5300	-4.2600	0.100	0.000	7.65
158.7400	168.8500	0.465900	955.5300	97.9100	0.100	0.000	7.65
159.2900	169.4300	0.465900	955.5300	0.0000	0.100	0.000	7.65
159.8500	170.0000	0.545700	955.5300	79.8200	0.100	0.000	7.65
160.3900	170.5800	0.521300	955.5300	-24.4800	0.100	0.000	7.65
160.9700	171.1600	0.421200	1215.9000	-100.0400	0.100	0.000	7.65
161.5500	171.7400	0.371200	1215.9000	-50.0200	0.100	0.000	7.65
162.1300	172.3600	0.371200	1215.9000	0.0000	0.100	0.000	7.65
162.6800	172.9900	0.404200	1215.9000	32.9900	0.100	0.000	7.65
163.2600	173.5900	0.445700	1215.9000	41.5000	0.100	0.000	7.65
163.8200	174.2300	0.451000	1215.9000	5.3200	0.100	0.000	7.65
164.4400	174.8700	0.431900	1215.9000	-19.1600	0.100	0.000	7.65
165.0400	175.4900	0.414800	1215.9000	-17.0300	0.100	0.000	7.65
165.6200	176.1500	0.414800	1215.9000	0.0000	0.100	0.000	7.65
166.1900	176.8000	0.425500	1215.9000	10.6400	0.100	0.000	7.65
166.7900	177.4200	0.463800	128.9300	38.3100	0.100	0.000	7.65
167.4100	178.0400	0.482900	128.9300	19.1600	0.100	0.000	7.65
168.0100	178.7400	0.491500	128.9300	8.5100	0.100	0.000	7.65
168.6300	179.4200	0.509500	128.9300	18.0900	0.100	0.000	7.65
169.2300	180.0900	0.509500	128.9300	0.0000	0.100	0.000	7.65
169.8200	180.7900	0.513800	128.9300	4.2600	0.100	0.000	7.65
170.4200	181.4500	0.493600	128.9300	-20.2200	0.100	0.000	7.65
171.0000	182.1300	0.462700	128.9300	-30.8600	0.100	0.000	7.65
171.5600	182.8300	0.452100	128.9300	-10.6400	0.100	0.000	7.65
172.1400	183.5000	0.482900	452.1500	30.8600	0.100	0.000	7.65
172.7400	184.1600	0.482900	452.1500	0.0000	0.100	0.000	7.65
173.3100	184.8200	0.513800	452.1500	30.8600	0.100	0.000	7.65
173.9100	185.5000	0.503200	452.1500	-10.6400	0.100	0.000	7.65
174.5100	186.1800	0.477600	452.1500	-25.5400	0.100	0.000	7.65
175.0900	186.8300	0.476600	452.1500	-1.0600	0.100	0.000	7.65
175.7100	187.5100	0.501000	452.1500	24.4800	0.100	0.000	7.65
176.3200	188.2100	0.501000	452.1500	0.0000	0.100	0.000	7.65
176.9600	188.9300	0.507400	452.1500	6.3900	0.100	0.000	7.65
177.6000	189.6100	0.504200	452.1500	-3.1900	0.100	0.000	7.65
178.2200	190.2800	0.526600	380.9200	22.3500	0.100	0.000	7.65
178.8800	190.9600	0.566000	380.9200	39.3800	0.100	0.000	7.65
179.5400	191.6000	0.613800	380.9200	47.8900	0.100	0.000	7.65
180.2100	192.2600	0.613800	380.9200	0.0000	0.100	0.000	7.65
180.8900	192.9200	0.668100	380.9200	54.2800	0.100	0.000	7.65
181.5300	193.5300	0.711800	380.9200	43.6300	0.100	0.000	7.65
182.1900	194.1300	0.724500	380.9200	12.7700	0.100	0.000	7.65
182.8500	194.7500	0.723500	380.9200	-1.0600	0.100	0.000	7.65
183.4800	195.3500	0.722400	380.9200	-1.0600	0.100	0.000	7.65
184.1200	195.9300	0.722400	380.9200	0.0000	0.100	0.000	7.65
184.7800	196.5300	0.733000	1648.6500	10.6400	0.100	0.000	7.65
185.4600	197.1200	0.738400	1648.6500	5.3200	0.100	0.000	7.65
186.1200	197.7200	0.708600	1648.6500	-29.8000	0.100	0.000	7.65
186.7700	198.2800	0.694700	1648.6500	-13.8300	0.100	0.000	7.65
187.4300	198.8400	0.740500	1648.6500	45.7600	0.100	0.000	7.65
188.0900	199.4400	0.740500	1648.6500	0.0000	0.100	0.000	7.65
188.7700	200.0400	0.790500	1648.6500	50.0200	0.100	0.000	7.65
189.4100	200.6300	0.755400	1648.6500	-35.1200	0.100	0.000	7.65
190.0600	201.2300	0.635100	1648.6500	-120.2600	0.100	0.000	7.65
190.7000	201.8300	0.562800	1300.3000	-72.3700	0.100	0.000	7.65
191.3400	202.3900	0.602100	1300.3000	39.3800	0.100	0.000	7.65
191.9800	202.9900	0.602100	1300.3000	0.0000	0.100	0.000	7.65
192.6000	203.5700	0.660700	1300.3000	58.5300	0.100	0.000	7.65
193.2200	204.1200	0.640400	1300.3000	-20.2200	0.100	0.000	7.65
193.8900	204.6400	0.581900	1300.3000	-58.5300	0.100	0.000	7.65
194.5700	205.2000	0.576600	1300.3000	-5.3200	0.100	0.000	7.65
195.2500	205.8200	0.631900	1300.3000	55.3400	0.100	0.000	7.65
195.9100	206.5000	0.631900	1300.3000	0.0000	0.100	0.000	7.65
196.5700	207.2300	0.683000	1300.3000	51.0800	0.100	0.000	7.65
197.2000	207.9700	0.635100	522.1800	-47.8900	0.100	0.000	7.65
197.8400	208.7100	0.509500	522.1800	-125.5800	0.100	0.000	7.65
198.5000	209.4100	0.450000	522.1800	-59.6000	0.100	0.000	7.65
199.1400	210.0700	0.510600	522.1800	60.6600	0.100	0.000	7.65
199.7600	210.7200	0.510600	522.1800	0.0000	0.100	0.000	7.65
200.3700	211.3600	0.614900	522.1800	104.2900	0.100	0.000	7.65
200.9700	212.0600	0.675600	522.1800	60.6600	0.100	0.000	7.65
201.6100	212.8000	0.652200	522.1800	-23.4100	0.100	0.000	7.65
202.2500	213.5600	0.562800	522.1800	-89.3900	0.100	0.000	7.65
202.8300	214.2700	0.478700	-442.0800	-84.0700	0.100	0.000	7.65
203.4100	215.0100	0.478700	-442.0800	0.0000	0.100	0.000	7.65
203.9800	215.7300	0.450000	-442.0800	-28.7300	0.100	0.000	7.65
204.5800	216.4700	0.442500	-442.0800	-7.4500	0.100	0.000	7.65
205.2000	217.2300	0.456300	-442.0800	13.8300	0.100	0.000	7.65
205.8000	217.9600	0.527600	-442.0800	71.3000	0.100	0.000	7.65
206.4000	218.6800	0.624500	-442.0800	96.8400	0.100	0.000	7.65
206.9800	219.4400	0.624500	-442.0800	0.0000	0.100	0.000	7.65
207.5500	220.2000	0.661700	-442.0800	37.2500	0.100	0.000	7.65
208.1700	220.9700	0.600000	-442.0800	-61.7300	0.100	0.000	7.65
208.8100	221.7100	0.517000	-379.8300	-83.0100	0.100	0.000	7.65
209.4300	222.4700	0.479700	-379.8300	-37.2500	0.100	0.000	7.65
210.0700	223.2500	0.479700	-379.8300	0.0000	0.100	0.000	7.65
210.6600	224.1100	0.468000	-379.8300	-11.7100	0.100	0.000	7.65
211.2600	224.9200	0.484000	-379.8300	15.9600	0.100	0.000	7.65
211.8600	225.6800	0.515900	-379.8300	31.9300	0.100	0.000	7.65
212.4800	226.4000	0.495700	-379.8300	-20.2200	0.100	0.000	7.65
213.1000	227.1400	0.446800	-379.8300	-48.9500	0.100	0.000	7.65
213.7400	227.9100	0.446800	-379.8300	0.0000	0.100	0.000	7.65
214.4100	228.7100	0.430800	-379.8300	-15.9600	0.100	0.000	7.65
215.0500	229.5100	0.417000	968.1000	-13.8300	0.100	0.000	7.65
215.7100	230.2700	0.388200	968.1000	-28.7300	0.100	0.000	7.65
216.3700	231.0100	0.374400	968.1000	-13.8300	0.100	0.000	7.65
217.0300	231.7600	0.364800	968.1000	-9.5800	0.100	0.000	7.65
217.6600	232.5200	0.364800	968.1000	0.0000	0.100	0.000	7.65
218.3200	233.2400	0.353100	968.1000	-11.7100	0.100	0.000	7.65
218.9600	233.9400	0.391400	968.1000	38.3100	0.100	0.000	7.65
219.6200	234.6300	0.470200	968.1000	78.7500	0.100	0.000	7.65
220.2800	235.3300	0.518100	968.1000	47.8900	0.100	0.000	7.65
220.9100	236.0300	0.524400	572.4600	6.3900	0.100	0.000	7.65
221.5500	236.7300	0.524400	572.4600	0.0000	0.100	0.000	7.65
222.1900	237.3900	0.505300	572.4600	-19.1600	0.100	0.000	7.65
222.8300	238.0200	0.473400	572.4600	-31.9300	0.100	0.000	7.65
223.4900	238.6800	0.437200	572.4600	-36.1800	0.100	0.000	7.65
224.1300	239.3000	0.391400	572.4600	-45.7600	0.100	0.000	7.65
224.7400	239.9200	0.373300	572.4600	-18.0900	0.100	0.000	7.65
225.3800	240.5600	0.373300	572.4600	0.0000	0.100	0.000	7.65
226.0200	241.1600	0.427600	572.4600	54.2800	0.100	0.000	7.65
226.7000	241.7100	0.495700	572.4600	68.1100	0.100	0.000	7.65
227.3600	242.2500	0.507400	585.0300	11.7100	0.100	0.000	7.65
228.0100	242.8100	0.497800	585.0300	-9.5800	0.100	0.000	7.65
228.6500	243.3900	0.484000	585.0300	-13.8300	0.100	0.000	7.65
229.2900	243.9700	0.484000	585.0300	0.0000	0.100	0.000	7.65
229.9300	244.5900	0.420200	585.0300	-63.8500	0.100	0.000	7.65
230.5900	245.2400	0.307300	585.0300	-112.8100	0.100	0.000	7.65
231.2400	245.9200	0.252000	585.0300	-55.3400	0.100	0.000	7.65
231.8600	246.5600	0.313700	585.0300	61.7300	0.100	0.000	7.65
232.5000	247.1800	0.405300	585.0300	91.5200	0.100	0.000	7.65
233.1400	247.7800	0.405300	585.0300	0.0000	0.100	0.000	7.65
233.7800	248.3700	0.409500	848.3900	4.2600	0.100	0.000	7.65
234.4400	248.9700	0.337100	848.3900	-72.3700	0.100	0.000	7.65
235.0700	249.5700	0.283900	848.3900	-53.2100	0.100	0.000	7.65
235.7100	250.1900	0.293500	848.3900	9.5800	0.100	0.000	7.65
236.3500	250.8300	0.344600	848.3900	51.0800	0.100	0.000	7.65
237.0100	251.4900	0.344600	848.3900	0.0000	0.100	0.000	7.65
237.6700	252.1400	0.382900	848.3900	38.3100	0.100	0.000	7.65
238.3000	252.8000	0.401000	848.3900	18.0900	0.100	0.000	7.65
238.9400	253.4800	0.435100	848.3900	34.0600	0.100	0.000	7.65
239.5600	254.1600	0.487200	820.2600	52.1500	0.100	0.000	7.65
240.2000	254.8400	0.536200	820.2600	48.9500	0.100	0.000	7.65
240.8200	255.5700	0.536200	820.2600	0.0000	0.100	0.000	7.65
241.4100	256.2700	0.559600	820.2600	23.4100	0.100	0.000	7.65
242.0300	256.9700	0.558500	820.2600	-1.0600	0.100	0.000	7.65
242.6700	257.6700	0.531900	820.2600	-26.6100	0.100	0.000	7.65
243.2900	258.4100	0.494600	820.2600	-37.2500	0.100	0.000	7.65
243.9100	259.1200	0.504200	820.2600	9.5800	0.100	0.000	7.65
244.5100	259.8400	0.504200	820.2600	0.0000	0.100	0.000	7.65
245.1200	260.5800	0.568100	820.2600	63.8500	0.100	0.000	7.65
245.7200	261.3400	0.646800	-88.9400	78.7500	0.100	0.000	7.65
246.3400	262.0700	0.673400	-88.9400	26.6100	0.100	0.000	7.65
246.9800	262.8100	0.631900	-88.9400	-41.5000	0.100	0.000	7.65
247.6000	263.5700	0.594700	-88.9400	-37.2500	0.100	0.000	7.65
248.2300	264.3300	0.594700	-88.9400	0.0000	0.100	0.000	7.65
248.8900	265.0700	0.613800	-88.9400	19.1600	0.100	0.000	7.65
249.5300	265.8200	0.676600	-88.9400	62.7900	0.100	0.000	7.65
250.1900	266.5800	0.721300	-88.9400	44.7000	0.100	0.000	7.65
250.8500	267.3600	0.705400	-88.9400	-15.9600	0.100	0.000	7.65
251.4900	268.1000	0.705400	-88.9400	0.0000	0.100	0.000	7.65
252.1400	268.8300	0.673400	-237.9800	-31.9300	0.100	0.000	7.65
252.8000	269.5900	0.687300	-237.9800	13.8300	0.100	0.000	7.65
253.4600	270.3500	0.702200	-237.9800	14.9000	0.100	0.000	7.65
254.1600	271.0700	0.684100	-237.9800	-18.0900	0.100	0.000	7.65
254.8400	271.7900	0.640400	-237.9800	-43.6300	0.100	0.000	7.65
255.5300	272.5000	0.640400	-237.9800	0.0000	0.100	0.000	7.65
256.2300	273.2200	0.606400	-237.9800	-34.0600	0.100	0.000	7.65
256.9500	273.9200	0.616000	-237.9800	9.5800	0.100	0.000	7.65
257.7100	274.6200	0.659600	-237.9800	43.6300	0.100	0.000	7.65
258.4700	275.3000	0.690500	1836.0000	30.8600	0.100	0.000	7.65
259.2200	275.9900	0.656400	1836.0000	-34.0600	0.100	0.000	7.65
259.9800	276.6700	0.656400	1836.0000	0.0000	0.100	0.000	7.65
260.7200	277.3500	0.608500	1836.0000	-47.8900	0.100	0.000	7.65
261.4400	278.0500	0.633000	1836.0000	24.4800	0.100	0.000	7.65
262.1500	278.7100	0.732000	1836.0000	98.9700	0.100	0.000	7.65
262.8700	279.3200	0.819200	1836.0000	87.2700	0.100	0.000	7.65
263.5900	279.9600	0.820300	1836.0000	1.0600	0.100	0.000	7.65
264.3300	280.5600	0.820300	1836.0000	0.0000	0.100	0.000	7.65
265.0500	281.1400	0.755400	1836.0000	-64.9200	0.100	0.000	7.65
265.7600	281.7400	0.717100	518.5900	-38.3100	0.100	0.000	7.65
266.4800	282.3200	0.775600	518.5900	58.5300	0.100	0.000	7.65
267.1800	282.9100	0.833100	518.5900	57.4700	0.100	0.000	7.65
267.8800	283.4900	0.801100	518.5900	-31.9300	0.100	0.000	7.65
268.5800	284.0900	0.801100	518.5900	0.0000	0.100	0.000	7.65
269.2700	284.7100	0.745800	518.5900	-55.3400	0.100	0.000	7.65
269.9500	285.3500	0.738400	518.5900	-7.4500	0.100	0.000	7.65
270.6500	285.9800	0.723500	518.5900	-14.9000	0.100	0.000	7.65
271.3500	286.6200	0.592600	518.5900	-130.9000	0.100	0.000	7.65
272.0300	287.3000	0.424400	118.1600	-168.1500	0.100	0.000	7.65
272.7200	288.0200	0.424400	118.1600	0.0000	0.100	0.000	7.65
273.4200	288.7600	0.384000	118.1600	-40.4400	0.100	0.000	7.65
274.1200	289.5100	0.471200	118.1600	87.2700	0.100	0.000	7.65
274.8200	290.2500	0.564900	118.1600	93.6500	0.100	0.000	7.65
275.5400	290.9900	0.583000	118.1600	18.0900	0.100	0.000	7.65
276.2300	291.7100	0.568100	118.1600	-14.9000	0.100	0.000	7.65
276.9300	292.4300	0.568100	118.1600	0.0000	0.100	0.000	7.65
277.5900	293.1200	0.585100	118.1600	17.0300	0.100	0.000	7.65
278.2700	293.8600	0.617000	118.1600	31.9300	0.100	0.000	7.65
278.9300	294.6600	0.586200	3.8400	-30.8600	0.100	0.000	7.65
279.5800	295.4800	0.496800	3.8400	-89.3900	0.100	0.000	7.65
280.2400	296.2700	0.430800	3.8400	-65.9800	0.100	0.000	7.65
280.8800	297.0700	0.430800	3.8400	0.0000	0.100	0.000	7.65
281.5200	297.8500	0.427600	3.8400	-3.1900	0.100	0.000	7.65
282.1800	298.6700	0.472300	3.8400	44.7000	0.100	0.000	7.65
282.8100	299.4700	0.515900	3.8400	43.6300	0.100	0.000	7.65
283.4500	300.2200	0.554200	3.8400	38.3100	0.100	0.000	7.65
284.0900	300.9800	0.614900	3.8400	60.6600	0.100	0.000	7.65
284.7500	301.7600	0.614900	3.8400	0.0000	0.100	0.000	7.65
285.4300	302.5800	0.678800	-261.9200	63.8500	0.100	0.000	7.65
286.0800	303.4100	0.682000	-261.9200	3.1900	0.100	0.000	7.65
286.7200	304.2700	0.636200	-261.9200	-45.7600	0.100	0.000	7.65
287.3200	305.1100	0.608500	-261.9200	-27.6700	0.100	0.000	7.65
287.9200	305.9300	0.618100	-261.9200	9.5800	0.100	0.000	7.65
288.5200	306.7400	0.618100	-261.9200	0.0000	0.100	0.000	7.65
289.1400	307.5800	0.651100	-261.9200	32.9900	0.100	0.000	7.65
289.7700	308.4200	0.672400	-261.9200	21.2800	0.100	0.000	7.65
290.4300	309.2600	0.672400	-261.9200	0.0000	0.100	0.000	7.65
291.0700	310.0900	0.661700	561.0900	-10.6400	0.100	0.000	7.65
291.7100	310.9300	0.646800	561.0900	-14.9000	0.100	0.000	7.65
292.3500	311.7500	0.646800	561.0900	0.0000	0.100	0.000	7.65
292.9600	312.5700	0.682000	561.0900	35.1200	0.100	0.000	7.65
293.6200	313.3600	0.782000	561.0900	100.0400	0.100	0.000	7.65
294.3000	314.1200	0.834100	561.0900	52.1500	0.100	0.000	7.65
294.9400	314.8600	0.785200	561.0900	-48.9500	0.100	0.000	7.65
295.5800	315.6000	0.723500	561.0900	-61.7300	0.100	0.000	7.65
296.2300	316.3200	0.723500	561.0900	0.0000	0.100	0.000	7.65
296.8900	317.0100	0.700000	561.0900	-23.4100	0.100	0.000	7.65
297.5900	317.7100	0.688300	762.2000	-11.7100	0.100	0.000	7.65
298.2900	318.4500	0.655300	762.2000	-32.9900	0.100	0.000	7.65
299.0100	319.2100	0.643600	762.2000	-11.7100	0.100	0.000	7.65
299.7400	319.9500	0.684100	762.2000	40.4400	0.100	0.000	7.65
300.4600	320.6600	0.684100	762.2000	0.0000	0.100	0.000	7.65
301.1800	321.3800	0.739400	762.2000	55.3400	0.100	0.000	7.65
301.9000	322.0800	0.790500	762.2000	51.0800	0.100	0.000	7.65
302.6000	322.7600	0.835200	762.2000	44.7000	0.100	0.000	7.65
303.3100	323.3800	0.853300	762.2000	18.0900	0.100	0.000	7.65
304.0100	323.9900	0.853300	762.2000	0.0000	0.100	0.000	7.65
304.6900	324.6100	0.874600	158.2600	21.2800	0.100	0.000	7.65
305.3900	325.2500	0.952300	158.2600	77.6900	0.100	0.000	7.65
306.0700	325.9100	1.018200	158.2600	65.9800	0.100	0.000	7.65
306.7400	326.5700	0.968200	158.2600	-50.0200	0.100	0.000	7.65
307.4400	327.2200	0.794800	158.2600	-173.4700	0.100	0.000	7.65
308.1200	327.8800	0.794800	158.2600	0.0000	0.100	0.000	7.65
308.8000	328.5200	0.655300	158.2600	-139.4100	0.100	0.000	7.65
309.5000	329.1600	0.666000	158.2600	10.6400	0.100	0.000	7.65
310.1900	329.8000	0.743700	158.2600	77.6900	0.100	0.000	7.65
310.8700	330.4700	0.767100	436.5900	23.4100	0.100	0.000	7.65
311.5500	331.1500	0.730900	436.5900	-36.1800	0.100	0.000	7.65
312.2100	331.8300	0.730900	436.5900	0.0000	0.100	0.000	7.65
312.8700	332.4900	0.722400	436.5900	-8.5100	0.100	0.000	7.65
313.5000	333.1500	0.776700	436.5900	54.2800	0.100	0.000	7.65
314.1200	333.8000	0.836300	436.5900	59.6000	0.100	0.000	7.65
314.7600	334.5000	0.823500	436.5900	-12.7700	0.100	0.000	7.65
315.4200	335.2000	0.745800	436.5900	-77.6900	0.100	0.000	7.65
316.0800	335.9200	0.745800	436.5900	0.0000	0.100	0.000	7.65
316.7300	336.6600	0.669200	436.5900	-76.6200	0.100	0.000	7.65
317.3900	337.3900	0.627700	1072.8500	-41.5000	0.100	0.000	7.65
318.0500	338.1100	0.597900	1072.8500	-29.8000	0.100	0.000	7.65
318.7300	338.8500	0.581900	1072.8500	-15.9600	0.100	0.000	7.65
319.3700	339.6100	0.620200	1072.8500	38.3100	0.100	0.000	7.65
320.0300	340.4100	0.620200	1072.8500	0.0000	0.100	0.000	7.65
320.6800	341.2200	0.692600	1072.8500	72.3700	0.100	0.000	7.65
321.3400	342.0200	0.725600	1072.8500	32.9900	0.100	0.000	7.65
322.0000	342.8000	0.719200	1072.8500	-6.3900	0.100	0.000	7.65
322.6400	343.6000	0.738400	1072.8500	19.1600	0.100	0.000	7.65
323.2800	344.3900	0.813900	-129.0400	75.5600	0.100	0.000	7.65
323.8900	345.2100	0.813900	-129.0400	0.0000	0.100	0.000	7.65
324.5100	346.0300	0.875600	-129.0400	61.7300	0.100	0.000	7.65
325.1500	346.8500	0.870300	-129.0400	-5.3200	0.100	0.000	7.65
325.8100	347.6400	0.865000	-129.0400	-5.3200	0.100	0.000	7.65
326.4900	348.4600	0.924600	-129.0400	59.6000	0.100	0.000	7.65
327.1800	349.2800	1.025700	-129.0400	101.1000	0.100	0.000	7.65
327.8600	350.0600	1.025700	-129.0400	0.0000	0.100	0.000	7.65
328.5400	350.8400	1.070400	-129.0400	44.7000	0.100	0.000	7.65
329.2000	351.6500	1.020400	-129.0400	-50.0200	0.100	0.000	7.65
329.8800	352.4700	0.938400	-48.8400	-81.9500	0.100	0.000	7.65
330.5300	353.2300	0.894800	-48.8400	-43.6300	0.100	0.000	7.65
331.1900	353.9700	0.916100	-48.8400	21.2800	0.100	0.000	7.65
331.8300	354.7000	0.916100	-48.8400	0.0000	0.100	0.000	7.65
332.4900	355.4200	0.973500	-48.8400	57.4700	0.100	0.000	7.65
333.1500	356.1200	0.999100	-48.8400	25.5400	0.100	0.000	7.65
333.7900	356.7800	0.999100	-48.8400	0.0000	0.100	0.000	7.65
334.4000	357.4800	1.017200	-48.8400	18.0900	0.100	0.000	7.65
335.0200	358.1700	1.023600	-48.8400	6.3900	0.100	0.000	7.65
335.6800	358.8100	1.023600	-48.8400	0.0000	0.100	0.000	7.65
336.3600	359.4900	0.978900	-53.0300	-44.7000	0.100	0.000	7.65
337.0200	360.1500	0.924600	-53.0300	-54.2800	0.100	0.000	7.65
337.6900	360.8100	0.917100	-53.0300	-7.4500	0.100	0.000	7.65
338.3900	361.4600	0.950100	-53.0300	32.9900	0.100	0.000	7.65
339.1100	362.1200	0.983100	-53.0300	32.9900	0.100	0.000	7.65
339.8500	362.7800	0.983100	-53.0300	0.0000	0.100	0.000	7.65
340.5900	363.4600	0.987400	-53.0300	4.2600	0.100	0.000	7.65
341.3000	364.1200	0.985300	-53.0300	-2.1300	0.100	0.000	7.65
342.0400	364.7900	1.008700	-53.0300	23.4100	0.100	0.000	7.65
342.7800	365.5100	1.032100	1670.8000	23.4100	0.100	0.000	7.65
343.5400	366.2500	1.011900	1670.8000	-20.2200	0.100	0.000	7.65
344.2900	366.9900	1.011900	1670.8000	0.0000	0.100	0.000	7.65
345.0300	367.7100	0.955500	1670.8000	-56.4000	0.100	0.000	7.65
345.7900	368.4400	0.894800	1670.8000	-60.6600	0.100	0.000	7.65
346.5500	369.1600	0.849000	1670.8000	-45.7600	0.100	0.000	7.65
347.3300	369.9200	0.873500	1670.8000	24.4800	0.100	0.000	7.65
348.1200	370.6800	0.964000	1670.8000	90.4600	0.100	0.000	7.65
348.9200	371.4400	0.964000	1670.8000	0.0000	0.100	0.000	7.65
349.7000	372.2100	1.020400	1670.8000	56.4000	0.100	0.000	7.65
350.5000	372.9900	1.022500	863.3600	2.1300	0.100	0.000	7.65
351.2500	373.7700	1.010800	863.3600	-11.7100	0.100	0.000	7.65
352.0500	374.5300	0.993800	863.3600	-17.0300	0.100	0.000	7.65
352.8300	375.3000	0.961800	863.3600	-31.9300	0.100	0.000	7.65
353.5700	376.1000	0.961800	863.3600	0.0000	0.100	0.000	7.65
354.3100	376.9200	0.914000	863.3600	-47.8900	0.100	0.000	7.65
355.0200	377.7800	0.879900	863.3600	-34.0600	0.100	0.000	7.65
355.7600	378.6300	0.892700	863.3600	12.7700	0.100	0.000	7.65
356.5200	379.4900	0.922500	863.3600	29.8000	0.100	0.000	7.65
357.2400	380.3300	0.922500	863.3600	0.0000	0.100	0.000	7.65
357.9300	381.1700	0.883100	-622.2500	-39.3800	0.100	0.000	7.65
358.6300	382.0000	0.799000	-622.2500	-84.0700	0.100	0.000	7.65
359.3300	382.8600	0.767100	-622.2500	-31.9300	0.100	0.000	7.65
360.0100	383.7200	0.801100	-622.2500	34.0600	0.100	0.000	7.65
360.6900	384.6000	0.769200	-622.2500	-31.9300	0.100	0.000	7.65
361.3600	385.4900	0.769200	-622.2500	0.0000	0.100	0.000	7.65
362.0600	386.3500	0.641500	-622.2500	-127.7100	0.100	0.000	7.65
362.7400	387.2100	0.583000	-622.2500	-58.5300	0.100	0.000	7.65
363.4200	388.0700	0.667100	-622.2500	84.0700	0.100	0.000	7.65
364.1200	388.9800	0.788400	-1032.2500	121.3200	0.100	0.000	7.65
364.7900	389.8600	0.837300	-1032.2500	48.9500	0.100	0.000	7.65
365.4500	390.7400	0.837300	-1032.2500	0.0000	0.100	0.000	7.65
366.1100	391.6400	0.816000	-1032.2500	-21.2800	0.100	0.000	7.65
366.7900	392.5300	0.794800	-1032.2500	-21.2800	0.100	0.000	7.65
367.4500	393.3900	0.803300	-1032.2500	8.5100	0.100	0.000	7.65
368.1000	394.2300	0.786200	-1032.2500	-17.0300	0.100	0.000	7.65
368.7400	395.0300	0.766000	-1032.2500	-20.2200	0.100	0.000	7.65
369.4000	395.8400	0.766000	-1032.2500	0.0000	0.100	0.000	7.65
370.0800	396.6200	0.778800	-1032.2500	12.7700	0.100	0.000	7.65
370.7400	397.3600	0.799000	231.8800	20.2200	0.100	0.000	7.65
371.4200	398.1000	0.826700	231.8800	27.6700	0.100	0.000	7.65
372.0900	398.8000	0.850100	231.8800	23.4100	0.100	0.000	7.65
372.7500	399.4900	0.853300	231.8800	3.1900	0.100	0.000	7.65
373.4500	400.1700	0.853300	231.8800	0.0000	0.100	0.000	7.65
374.1100	400.8300	0.833100	231.8800	-20.2200	0.100	0.000	7.65
374.7700	401.4700	0.789400	231.8800	-43.6300	0.100	0.000	7.65
375.4000	402.0900	0.738400	231.8800	-51.0800	0.100	0.000	7.65
376.0600	402.7400	0.677700	231.8800	-60.6600	0.100	0.000	7.65
376.7200	403.4200	0.638300	1184.7800	-39.3800	0.100	0.000	7.65
377.3800	404.1400	0.638300	1184.7800	0.0000	0.100	0.000	7.65
378.0400	404.9000	0.677700	1184.7800	39.3800	0.100	0.000	7.65
378.7300	405.6800	0.761800	1184.7800	84.0700	0.100	0.000	7.65
379.4700	406.4900	0.800100	1184.7800	38.3100	0.100	0.000	7.65
380.2300	407.3100	0.741500	1184.7800	-58.5300	0.100	0.000	7.65
380.9500	408.0700	0.642600	1184.7800	-98.9700	0.100	0.000	7.65
381.6900	408.7700	0.642600	1184.7800	0.0000	0.100	0.000	7.65
382.4200	409.4400	0.628700	1184.7800	-13.8300	0.100	0.000	7.65
383.1600	410.0800	0.730900	1184.7800	102.1700	0.100	0.000	7.65
383.9000	410.7200	0.840500	246.8500	109.6200	0.100	0.000	7.65
384.6200	411.3400	0.869300	246.8500	28.7300	0.100	0.000	7.65
385.3300	412.0000	0.837300	246.8500	-31.9300	0.100	0.000	7.65
386.0700	412.6700	0.837300	246.8500	0.0000	0.100	0.000	7.65
386.8100	413.3700	0.795800	246.8500	-41.5000	0.100	0.000	7.65
387.5500	414.1100	0.756400	246.8500	-39.3800	0.100	0.000	7.65
388.2500	414.8300	0.719200	246.8500	-37.2500	0.100	0.000	7.65
388.9400	415.5500	0.693700	246.8500	-25.5400	0.100	0.000	7.65
389.6600	416.2600	0.680900	246.8500	-12.7700	0.100	0.000	7.65
390.3800	417.0000	0.680900	246.8500	0.0000	0.100	0.000	7.65
391.1200	417.7200	0.694700	959.7200	13.8300	0.100	0.000	7.65
391.8400	418.4600	0.741500	959.7200	46.8300	0.100	0.000	7.65
392.5700	419.2000	0.775600	959.7200	34.0600	0.100	0.000	7.65
393.2900	419.9500	0.746900	959.7200	-28.7300	0.100	0.000	7.65
393.9900	420.7300	0.680900	959.7200	-65.9800	0.100	0.000	7.65
394.7100	421.5100	0.680900	959.7200	0.0000	0.100	0.000	7.65
395.4200	422.3100	0.652200	959.7200	-28.7300	0.100	0.000	7.65
396.1000	423.1200	0.653200	959.7200	1.0600	0.100	0.000	7.65
396.7800	423.9600	0.635100	959.7200	-18.0900	0.100	0.000	7.65
397.4800	424.7800	0.630900	-743.7500	-4.2600	0.100	0.000	7.65
398.1600	425.5800	0.659600	-743.7500	28.7300	0.100	0.000	7.65
398.8200	426.3900	0.659600	-743.7500	0.0000	0.100	0.000	7.65
399.4500	427.2700	0.725600	-743.7500	65.9800	0.100	0.000	7.65
400.1100	428.1100	0.806500	-743.7500	80.8800	0.100	0.000	7.65
400.7700	428.9300	0.854400	-743.7500	47.8900	0.100	0.000	7.65
401.4300	429.7600	0.846900	-743.7500	-7.4500	0.100	0.000	7.65
402.0900	430.6200	0.839500	-743.7500	-7.4500	0.100	0.000	7.65
402.7400	431.4600	0.839500	-743.7500	0.0000	0.100	0.000	7.65
403.3800	432.2800	0.887300	-743.7500	47.8900	0.100	0.000	7.65
404.0400	433.0900	0.961800	264.2100	74.5000	0.100	0.000	7.65
404.7000	433.8900	0.977800	264.2100	15.9600	0.100	0.000	7.65
405.3600	434.6700	0.933100	264.2100	-44.7000	0.100	0.000	7.65
405.9700	435.4300	0.914000	264.2100	-19.1600	0.100	0.000	7.65
406.6100	436.2100	0.914000	264.2100	0.0000	0.100	0.000	7.65
407.2700	436.9600	0.936300	264.2100	22.3500	0.100	0.000	7.65
407.9300	437.6800	0.954400	264.2100	18.0900	0.100	0.000	7.65
408.5700	438.4000	0.972500	264.2100	18.0900	0.100	0.000	7.65
409.2000	439.1000	0.999100	264.2100	26.6100	0.100	0.000	7.65
409.8600	439.8000	0.954400	169.6400	-44.7000	0.100	0.000	7.65
410.5600	440.4500	0.954400	169.6400	0.0000	0.100	0.000	7.65
411.2600	441.1100	0.844800	169.6400	-109.6200	0.100	0.000	7.65
411.9600	441.7300	0.792600	169.6400	-52.1500	0.100	0.000	7.65
412.6700	442.3700	0.860700	169.6400	68.1100	0.100	0.000	7.65
413.3900	442.9900	0.953300	169.6400	92.5900	0.100	0.000	7.65
414.1500	443.5800	0.953300	169.6400	0.0000	0.100	0.000	7.65
414.9100	444.1800	0.959700	169.6400	6.3900	0.100	0.000	7.65
415.6700	444.7800	0.922500	169.6400	-37.2500	0.100	0.000	7.65
416.4400	445.4000	0.946900	169.6400	24.4800	0.100	0.000	7.65
417.2400	446.0800	0.993800	1181.7800	46.8300	0.100	0.000	7.65
418.0600	446.8300	0.948000	1181.7800	-45.7600	0.100	0.000	7.65
418.8800	447.6100	0.948000	1181.7800	0.0000	0.100	0.000	7.65
419.6900	448.4100	0.853300	1181.7800	-94.7200	0.100	0.000	7.65
420.4700	449.2100	0.829900	1181.7800	-23.4100	0.100	0.000	7.65
421.2300	449.9900	0.867100	1181.7800	37.2500	0.100	0.000	7.65
421.9700	450.7400	0.883100	1181.7800	15.9600	0.100	0.000	7.65
422.6900	451.5000	0.833100	1181.7800	-50.0200	0.100	0.000	7.65
423.4400	452.2400	0.833100	1181.7800	0.0000	0.100	0.000	7.65
424.2400	453.0200	0.740500	1181.7800	-92.5900	0.100	0.000	7.65
425.1200	453.8300	0.685100	1288.9200	-55.3400	0.100	0.000	7.65
426.0000	454.6900	0.693700	1288.9200	8.5100	0.100	0.000	7.65
426.8500	455.5500	0.730900	1288.9200	37.2500	0.100	0.000	7.65
427.6900	456.4300	0.754300	1288.9200	23.4100	0.100	0.000	7.65
428.5100	457.2800	0.754300	1288.9200	0.0000	0.100	0.000	7.65
429.3500	458.1200	0.760700	1288.9200	6.3900	0.100	0.000	7.65
430.1600	458.9200	0.771300	1288.9200	10.6400	0.100	0.000	7.65
430.9400	459.7400	0.793700	1288.9200	22.3500	0.100	0.000	7.65
431.7000	460.5500	0.796900	1288.9200	3.1900	0.100	0.000	7.65
432.4400	461.3900	0.740500	-1069.9600	-56.4000	0.100	0.000	7.65
433.1500	462.2500	0.740500	-1069.9600	0.0000	0.100	0.000	7.65
433.8900	463.0900	0.666000	-1069.9600	-74.5000	0.100	0.000	7.65
434.6300	463.9800	0.614900	-1069.9600	-51.0800	0.100	0.000	7.65
435.3500	464.9000	0.555300	-1069.9600	-59.6000	0.100	0.000	7.65
436.0500	465.7800	0.507400	-1069.9600	-47.8900	0.100	0.000	7.65
436.7600	466.6800	0.517000	-1069.9600	9.5800	0.100	0.000	7.65
437.4800	467.5700	0.517000	-1069.9600	0.0000	0.100	0.000	7.65
438.2000	468.4900	0.609600	-1069.9600	92.5900	0.100	0.000	7.65
438.9200	469.4100	0.727700	-1069.9600	118.1300	0.100	0.000	7.65
439.6400	470.3300	0.798000	-996.9400	70.2400	0.100	0.000	7.65
440.3500	471.2400	0.807500	-996.9400	9.5800	0.100	0.000	7.65
441.0500	472.1400	0.795800	-996.9400	-11.7100	0.100	0.000	7.65
441.7500	473.0200	0.795800	-996.9400	0.0000	0.100	0.000	7.65
442.4500	473.9200	0.805400	-996.9400	9.5800	0.100	0.000	7.65
443.1300	474.8100	0.822400	-996.9400	17.0300	0.100	0.000	7.65
443.8000	475.7500	0.816000	-996.9400	-6.3900	0.100	0.000	7.65
444.5000	476.6500	0.783100	-996.9400	-32.9900	0.100	0.000	7.65
445.2000	477.5100	0.779900	-996.9400	-3.1900	0.100	0.000	7.65
445.8800	478.3600	0.779900	-996.9400	0.0000	0.100	0.000	7.65
446.5600	479.2000	0.794800	632.9100	14.9000	0.100	0.000	7.65
447.2300	480.0000	0.772400	632.9100	-22.3500	0.100	0.000	7.65
447.9300	480.7800	0.736200	632.9100	-36.1800	0.100	0.000	7.65
448.6300	481.5300	0.735200	632.9100	-1.0600	0.100	0.000	7.65
449.3500	482.2700	0.784100	632.9100	48.9500	0.100	0.000	7.65
450.0500	483.0100	0.784100	632.9100	0.0000	0.100	0.000	7.65
450.7400	483.7100	0.829900	632.9100	45.7600	0.100	0.000	7.65
451.4400	484.3900	0.830900	632.9100	1.0600	0.100	0.000	7.65
452.1400	485.0200	0.808600	632.9100	-22.3500	0.100	0.000	7.65
452.8200	485.6200	0.806500	452.1500	-2.1300	0.100	0.000	7.65
453.4800	486.2800	0.830900	452.1500	24.4800	0.100	0.000	7.65
454.1500	486.9600	0.830900	452.1500	0.0000	0.100	0.000	7.65
454.8100	487.6400	0.818200	452.1500	-12.7700	0.100	0.000	7.65
455.5300	488.3300	0.760700	452.1500	-57.4700	0.100	0.000	7.65
456.2700	489.0700	0.727700	452.1500	-32.9900	0.100	0.000	7.65
457.0300	489.8300	0.760700	452.1500	32.9900	0.100	0.000	7.65
457.8200	490.5900	0.792600	452.1500	31.9300	0.100	0.000	7.65
458.5800	491.3200	0.792600	452.1500	0.0000	0.100	0.000	7.65
459.3600	492.0800	0.727700	452.1500	-64.9200	0.100	0.000	7.65
460.1000	492.8200	0.626600	886.1000	-101.1000	0.100	0.000	7.65
460.8500	493.5400	0.616000	886.1000	-10.6400	0.100	0.000	7.65
461.6500	494.2600	0.666000	886.1000	50.0200	0.100	0.000	7.65
462.4500	494.9900	0.659600	886.1000	-6.3900	0.100	0.000	7.65
463.2300	495.6900	0.659600	886.1000	0.0000	0.100	0.000	7.65
463.9600	496.4100	0.606400	886.1000	-53.2100	0.100	0.000	7.65
464.7000	497.1300	0.614900	886.1000	8.5100	0.100	0.000	7.65
465.4400	497.8900	0.680900	886.1000	65.9800	0.100	0.000	7.65
466.2000	498.6400	0.691500	886.1000	10.6400	0.100	0.000	7.65
466.9600	499.4000	0.613800	879.5200	-77.6900	0.100	0.000	7.65
467.6900	500.1800	0.613800	879.5200	0.0000	0.100	0.000	7.65
468.4900	500.9600	0.561700	879.5200	-52.1500	0.100	0.000	7.65
469.2500	501.7100	0.567000	879.5200	5.3200	0.100	0.000	7.65
470.0100	502.4900	0.554200	879.5200	-12.7700	0.100	0.000	7.65
470.7400	503.2900	0.505300	879.5200	-48.9500	0.100	0.000	7.65
471.5000	504.1100	0.505300	879.5200	0.0000	0.100	0.000	7.65
472.2800	504.9100	0.478700	879.5200	-26.6100	0.100	0.000	7.65
473.0600	505.7200	0.514900	879.5200	36.1800	0.100	0.000	7.65
473.8000	506.5600	0.558500	879.5200	43.6300	0.100	0.000	7.65
474.5300	507.4000	0.537200	-993.9500	-21.2800	0.100	0.000	7.65
475.2700	508.2800	0.474400	-993.9500	-62.7900	0.100	0.000	7.65
475.9900	509.1900	0.474400	-993.9500	0.0000	0.100	0.000	7.65
476.6900	510.0500	0.450000	-993.9500	-24.4800	0.100	0.000	7.65
477.3900	510.8500	0.508500	-993.9500	58.5300	0.100	0.000	7.65
478.0800	511.6900	0.596800	-993.9500	88.3300	0.100	0.000	7.65
478.8000	512.5600	0.645800	-993.9500	48.9500	0.100	0.000	7.65
479.5000	513.4400	0.656400	-993.9500	10.6400	0.100	0.000	7.65
480.2000	514.2800	0.656400	-993.9500	0.0000	0.100	0.000	7.65
480.8800	515.1000	0.662800	-993.9500	6.3900	0.100	0.000	7.65
481.5500	515.9300	0.702200	613.7600	39.3800	0.100	0.000	7.65
482.2300	516.8100	0.750100	613.7600	47.8900	0.100	0.000	7.65
482.9100	517.6300	0.774500	613.7600	24.4800	0.100	0.000	7.65
483.5900	518.4300	0.826700	613.7600	52.1500	0.100	0.000	7.65
484.2500	519.2400	0.826700	613.7600	0.0000	0.100	0.000	7.65
484.8800	520.0200	0.885200	613.7600	58.5300	0.100	0.000	7.65
485.5400	520.7600	0.876700	613.7600	-8.5100	0.100	0.000	7.65
486.2200	521.4800	0.844800	613.7600	-31.9300	0.100	0.000	7.65
486.9000	522.1500	0.835200	613.7600	-9.5800	0.100	0.000	7.65
487.6000	522.8300	0.798000	772.9700	-37.2500	0.100	0.000	7.65
488.2700	523.4900	0.798000	772.9700	0.0000	0.100	0.000	7.65
488.9900	524.1500	0.724500	772.9700	-73.4300	0.100	0.000	7.65
489.7100	524.7700	0.683000	772.9700	-41.5000	0.100	0.000	7.65
490.4100	525.4100	0.677700	772.9700	-5.3200	0.100	0.000	7.65
491.1500	526.0200	0.695800	772.9700	18.0900	0.100	0.000	7.65
491.8800	526.6200	0.761800	772.9700	65.9800	0.100	0.000	7.65
492.6400	527.2000	0.761800	772.9700	0.0000	0.100	0.000	7.65
493.4200	527.8200	0.840500	772.9700	78.7500	0.100	0.000	7.65
494.1800	528.5200	0.878800	772.9700	38.3100	0.100	0.000	7.65
494.9500	529.3500	0.866100	916.0300	-12.7700	0.100	0.000	7.65
495.7100	530.2300	0.805400	916.0300	-60.6600	0.100	0.000	7.65
496.4900	531.1100	0.721300	916.0300	-84.0700	0.100	0.000	7.65
497.2900	531.9500	0.721300	916.0300	0.0000	0.100	0.000	7.65
498.0900	532.7600	0.675600	916.0300	-45.7600	0.100	0.000	7.65
498.9000	533.6200	0.689400	916.0300	13.8300	0.100	0.000	7.65
499.7600	534.4600	0.723500	916.0300	34.0600	0.100	0.000	7.65
500.6200	535.3000	0.730900	916.0300	7.4500	0.100	0.000	7.65
501.4800	536.1100	0.707500	916.0300	-23.4100	0.100	0.000	7.65
502.3100	536.9100	0.707500	916.0300	0.0000	0.100	0.000	7.65
503.1500	537.7100	0.691500	1063.2700	-15.9600	0.100	0.000	7.65
504.0100	538.5500	0.714900	1063.2700	23.4100	0.100	0.000	7.65
504.8300	539.4200	0.769200	1063.2700	54.2800	0.100	0.000	7.65
505.6400	540.3200	0.774500	1063.2700	5.3200	0.100	0.000	7.65
506.4400	541.2400	0.712800	1063.2700	-61.7300	0.100	0.000	7.65
507.2600	542.1600	0.712800	1063.2700	0.0000	0.100	0.000	7.65
508.1000	543.0500	0.687300	1063.2700	-25.5400	0.100	0.000	7.65
508.9100	543.9500	0.739400	1063.2700	52.1500	0.100	0.000	7.65
509.7500	544.8300	0.800100	1063.2700	60.6600	0.100	0.000	7.65
510.5900	545.7100	0.809700	-1207.0300	9.5800	0.100	0.000	7.65
511.4100	546.5800	0.790500	-1207.0300	-19.1600	0.100	0.000	7.65
512.1800	547.4800	0.790500	-1207.0300	0.0000	0.100	0.000	7.65
512.9800	548.4000	0.750100	-1207.0300	-40.4400	0.100	0.000	7.65
513.7400	549.3400	0.664900	-1207.0300	-85.1400	0.100	0.000	7.65
514.5200	550.2700	0.572300	-1207.0300	-92.5900	0.100	0.000	7.65
515.3100	551.2100	0.551100	-1207.0300	-21.2800	0.100	0.000	7.65
516.0700	552.1300	0.600000	-1207.0300	48.9500	0.100	0.000	7.65
516.8300	553.0400	0.600000	-1207.0300	0.0000	0.100	0.000	7.65
517.5700	553.9800	0.657500	-1207.0300	57.4700	0.100	0.000	7.65
518.3300	554.9200	0.692600	-681.5000	35.1200	0.100	0.000	7.65
519.0800	555.8600	0.720300	-681.5000	27.6700	0.100	0.000	7.65
519.8400	556.8300	0.746900	-681.5000	26.6100	0.100	0.000	7.65
520.6000	557.7900	0.735200	-681.5000	-11.7100	0.100	0.000	7.65
521.4000	558.7100	0.735200	-681.5000	0.0000	0.100	0.000	7.65
522.1700	559.6100	0.679800	-681.5000	-55.3400	0.100	0.000	7.65
522.9500	560.4800	0.650000	-681.5000	-29.8000	0.100	0.000	7.65
523.7100	561.3200	0.670200	-681.5000	20.2200	0.100	0.000	7.65
524.4700	562.1800	0.680900	-681.5000	10.6400	0.100	0.000	7.65
525.1900	563.0000	0.633000	1179.9900	-47.8900	0.100	0.000	7.65
525.9200	563.7900	0.633000	1179.9900	0.0000	0.100	0.000	7.65
526.6400	564.6100	0.539300	1179.9900	-93.6500	0.100	0.000	7.65
527.3800	565.4300	0.482900	1179.9900	-56.4000	0.100	0.000	7.65
528.1200	566.2500	0.500000	1179.9900	17.0300	0.100	0.000	7.65
528.8600	567.1000	0.544700	1179.9900	44.7000	0.100	0.000	7.65
529.6100	567.9600	0.592600	1179.9900	47.8900	0.100	0.000	7.65
530.4100	568.8000	0.592600	1179.9900	0.0000	0.100	0.000	7.65
531.1700	569.5800	0.608500	1179.9900	15.9600	0.100	0.000	7.65
531.8900	570.2700	0.592600	1179.9900	-15.9600	0.100	0.000	7.65
532.5800	570.9300	0.596800	-715.6200	4.2600	0.100	0.000	7.65
533.3000	571.5700	0.637300	-715.6200	40.4400	0.100	0.000	7.65
534.0600	572.1700	0.637300	-715.6200	0.0000	0.100	0.000	7.65
534.8000	572.7700	0.705400	-715.6200	68.1100	0.100	0.000	7.65
535.5400	573.3100	0.756400	-715.6200	51.0800	0.100	0.000	7.65
536.2500	573.8800	0.753300	-715.6200	-3.1900	0.100	0.000	7.65
536.9900	574.5200	0.717100	-715.6200	-36.1800	0.100	0.000	7.65
537.6900	575.2400	0.661700	-715.6200	-55.3400	0.100	0.000	7.65
538.3900	575.9800	0.661700	-715.6200	0.0000	0.100	0.000	7.65
539.0900	576.7600	0.602100	-715.6200	-59.6000	0.100	0.000	7.65
539.7800	577.5100	0.568100	-732.9800	-34.0600	0.100	0.000	7.65
540.4800	578.2300	0.577700	-732.9800	9.5800	0.100	0.000	7.65
541.2000	578.9100	0.624500	-732.9800	46.8300	0.100	0.000	7.65
541.9200	579.6100	0.640400	-732.9800	15.9600	0.100	0.000	7.65
542.6400	580.3000	0.640400	-732.9800	0.0000	0.100	0.000	7.65
543.3700	581.0400	0.600000	-732.9800	-40.4400	0.100	0.000	7.65
