# SYSID BEGIN dir=0 duty=0.300 samples=1000 dt=0.001 vbat=7.63
# enc[0]	enc[1]	gyro.z	accel.y	angular_accel	u.tra	u.rot	vbat
0.0200	0.0000	0.001900	-48.2400	-1.0600	0.300	0.000	7.63
0.0200	0.0000	0.000800	-50.0300	-1.0600	0.300	0.000	7.63
0.0200	0.0000	-0.000200	-50.0300	-1.0600	0.300	0.000	7.63
0.0200	0.0000	0.000800	-50.0300	1.0600	0.300	0.000	7.63
0.0600	0.0600	-0.000200	-50.0300	-1.0600	0.300	0.000	7.63
0.2000	0.2000	-0.000200	-50.0300	0.0000	0.300	0.000	7.63
0.3800	0.3800	-0.030000	-50.0300	-29.8000	0.300	0.000	7.63
0.5400	0.5800	-0.032100	-50.0300	-2.1300	0.300	0.000	7.63
0.7200	0.7600	0.036000	-50.0300	68.1100	0.300	0.000	7.63
0.8800	0.9000	0.090200	-50.0300	54.2800	0.300	0.000	7.63
1.0400	1.0000	0.124300	4577.9600	34.0600	0.300	0.000	7.63
1.1800	1.0800	0.124300	4577.9600	0.0000	0.300	0.000	7.63
1.3200	1.1400	0.152000	4577.9600	27.6700	0.300	0.000	7.63
1.4600	1.2400	0.173300	4577.9600	21.2800	0.300	0.000	7.63
1.6000	1.3600	0.173300	4577.9600	0.0000	0.300	0.000	7.63
1.7500	1.4800	0.119000	4577.9600	-54.2800	0.300	0.000	7.63
1.8900	1.6200	0.009400	4577.9600	-109.6200	0.300	0.000	7.63
2.0500	1.7700	0.009400	4577.9600	0.0000	0.300	0.000	7.63
2.2300	1.9500	-0.126900	4577.9600	-136.2200	0.300	0.000	7.63
2.4100	2.1300	-0.207700	4577.9600	-80.8800	0.300	0.000	7.63
2.6300	2.3100	-0.189600	10134.3000	18.0900	0.300	0.000	7.63
2.8500	2.5100	-0.121500	10134.3000	68.1100	0.300	0.000	7.63
3.0700	2.7100	-0.079000	10134.3000	42.5700	0.300	0.000	7.63
3.3100	2.9100	-0.079000	10134.3000	0.0000	0.300	0.000	7.63
3.5700	3.1300	-0.064100	10134.3000	14.9000	0.300	0.000	7.63
3.8300	3.3500	-0.054500	10134.3000	9.5800	0.300	0.000	7.63
4.0900	3.5900	-0.058700	10134.3000	-4.2600	0.300	0.000	7.63
4.3700	3.8300	-0.074700	10134.3000	-15.9600	0.300	0.000	7.63
4.6500	4.0900	-0.079000	10134.3000	-4.2600	0.300	0.000	7.63
4.9300	4.3500	-0.079000	10134.3000	0.0000	0.300	0.000	7.63
5.2000	4.6100	-0.088500	7539.5900	-9.5800	0.300	0.000	7.63
5.4600	4.8500	-0.124700	7539.5900	-36.1800	0.300	0.000	7.63
5.7400	5.1100	-0.162000	7539.5900	-37.2500	0.300	0.000	7.63
6.0200	5.3400	-0.163000	7539.5900	-1.0600	0.300	0.000	7.63
6.3200	5.6200	-0.139600	7539.5900	23.4100	0.300	0.000	7.63
6.6400	5.9200	-0.139600	7539.5900	0.0000	0.300	0.000	7.63
6.9600	6.2600	-0.129000	7539.5900	10.6400	0.300	0.000	7.63
7.2800	6.6000	-0.132200	7539.5900	-3.1900	0.300	0.000	7.63
7.6200	6.9200	-0.120500	7539.5900	11.7100	0.300	0.000	7.63
7.9600	7.2400	-0.085400	7686.8300	35.1200	0.300	0.000	7.63
8.3200	7.5800	-0.039600	7686.8300	45.7600	0.300	0.000	7.63
8.6500	7.9400	-0.039600	7686.8300	0.0000	0.300	0.000	7.63
9.0100	8.3400	-0.009800	7686.8300	29.8000	0.300	0.000	7.63
9.3700	8.7100	-0.003400	7686.8300	6.3900	0.300	0.000	7.63
9.7700	9.1100	-0.024700	7686.8300	-21.2800	0.300	0.000	7.63
10.1900	9.5100	-0.075800	7686.8300	-51.0800	0.300	0.000	7.63
10.5900	9.9300	-0.075800	7686.8300	0.0000	0.300	0.000	7.63
10.9900	10.3700	-0.101300	7686.8300	-25.5400	0.300	0.000	7.63
11.3700	10.8100	-0.091700	7686.8300	9.5800	0.300	0.000	7.63
11.7900	11.2700	-0.098100	7001.4900	-6.3900	0.300	0.000	7.63
12.2200	11.7500	-0.120500	7001.4900	-22.3500	0.300	0.000	7.63
12.6600	12.2200	-0.103400	7001.4900	17.0300	0.300	0.000	7.63
13.1200	12.7000	-0.103400	7001.4900	0.0000	0.300	0.000	7.63
13.5800	13.2200	-0.036400	7001.4900	67.0500	0.300	0.000	7.63
14.0600	13.7800	-0.005500	7001.4900	30.8600	0.300	0.000	7.63
14.5200	14.3600	-0.064100	7001.4900	-58.5300	0.300	0.000	7.63
14.9800	14.9400	-0.151300	7001.4900	-87.2700	0.300	0.000	7.63
15.4700	15.5100	-0.195000	7001.4900	-43.6300	0.300	0.000	7.63
15.9900	16.1300	-0.195000	7001.4900	0.0000	0.300	0.000	7.63
16.4900	16.7100	-0.191800	7611.4100	3.1900	0.300	0.000	7.63
16.9700	17.3300	-0.174700	7611.4100	17.0300	0.300	0.000	7.63
17.4900	17.9900	-0.206700	7611.4100	-31.9300	0.300	0.000	7.63
18.0500	18.6100	-0.267300	7611.4100	-60.6600	0.300	0.000	7.63
18.6100	19.2200	-0.279000	7611.4100	-11.7100	0.300	0.000	7.63
19.2000	19.8800	-0.279000	7611.4100	0.0000	0.300	0.000	7.63
19.8200	20.5600	-0.201400	7611.4100	77.6900	0.300	0.000	7.63
20.4000	21.2000	-0.087500	7611.4100	113.8700	0.300	0.000	7.63
20.9600	21.8400	-0.060900	7611.4100	26.6100	0.300	0.000	7.63
21.5200	22.5300	-0.158800	7022.4400	-97.9100	0.300	0.000	7.63
22.1200	23.1900	-0.272700	7022.4400	-113.8700	0.300	0.000	7.63
22.7100	23.7900	-0.272700	7022.4400	0.0000	0.300	0.000	7.63
23.3700	24.4500	-0.287600	7022.4400	-14.9000	0.300	0.000	7.63
24.0700	25.1100	-0.188600	7022.4400	98.9700	0.300	0.000	7.63
24.7300	25.8000	-0.105600	7022.4400	83.0100	0.300	0.000	7.63
25.4100	26.5600	-0.114100	7022.4400	-8.5100	0.300	0.000	7.63
26.0800	27.3200	-0.188600	7022.4400	-74.5000	0.300	0.000	7.63
26.7400	28.0200	-0.188600	7022.4400	0.0000	0.300	0.000	7.63
27.4400	28.7000	-0.304600	7022.4400	-116.0000	0.300	0.000	7.63
28.1800	29.3700	-0.339700	6325.7300	-35.1200	0.300	0.000	7.63
28.9200	30.0500	-0.297100	6325.7300	42.5700	0.300	0.000	7.63
29.6100	30.7300	-0.248200	6325.7300	48.9500	0.300	0.000	7.63
30.2900	31.3900	-0.207700	6325.7300	40.4400	0.300	0.000	7.63
30.9900	32.0700	-0.207700	6325.7300	0.0000	0.300	0.000	7.63
31.7500	32.7400	-0.192800	6325.7300	14.9000	0.300	0.000	7.63
32.5400	33.4000	-0.174700	6325.7300	18.0900	0.300	0.000	7.63
33.3600	34.1000	-0.117300	6325.7300	57.4700	0.300	0.000	7.63
34.1400	34.7800	-0.019400	6325.7300	97.9100	0.300	0.000	7.63
34.9000	35.4000	0.022100	6949.4200	41.5000	0.300	0.000	7.63
35.6800	36.0300	0.022100	6949.4200	0.0000	0.300	0.000	7.63
36.4500	36.7100	-0.018300	6949.4200	-40.4400	0.300	0.000	7.63
37.2700	37.4100	-0.104500	6949.4200	-86.2000	0.300	0.000	7.63
38.0700	38.1300	-0.177900	6949.4200	-73.4300	0.300	0.000	7.63
38.8700	38.8500	-0.192800	6949.4200	-14.9000	0.300	0.000	7.63
39.6600	39.6200	-0.181100	6949.4200	11.7100	0.300	0.000	7.63
40.4600	40.3600	-0.181100	6949.4200	0.0000	0.300	0.000	7.63
41.2800	41.0800	-0.146000	6949.4200	35.1200	0.300	0.000	7.63
42.0800	41.8400	-0.130100	6949.4200	15.9600	0.300	0.000	7.63
42.9100	42.6400	-0.140700	6276.6500	-10.6400	0.300	0.000	7.63
43.7300	43.4500	-0.179000	6276.6500	-38.3100	0.300	0.000	7.63
44.5700	44.2500	-0.179000	6276.6500	0.0000	0.300	0.000	7.63
45.3900	45.0500	-0.186500	6276.6500	-7.4500	0.300	0.000	7.63
46.2100	45.8500	-0.132200	6276.6500	54.2800	0.300	0.000	7.63
47.0400	46.6400	-0.100300	6276.6500	31.9300	0.300	0.000	7.63
47.9200	47.5000	-0.139600	6276.6500	-39.3800	0.300	0.000	7.63
48.7800	48.3800	-0.247100	6276.6500	-107.4900	0.300	0.000	7.63
49.6400	49.3400	-0.247100	6276.6500	0.0000	0.300	0.000	7.63
50.4700	50.3100	-0.361000	6276.6500	-113.8700	0.300	0.000	7.63
51.3300	51.3100	-0.431200	5861.2500	-70.2400	0.300	0.000	7.63
52.1900	52.3100	-0.450400	5861.2500	-19.1600	0.300	0.000	7.63
53.0500	53.3600	-0.428000	5861.2500	22.3500	0.300	0.000	7.63
53.9400	54.3800	-0.361000	5861.2500	67.0500	0.300	0.000	7.63
54.8000	55.4000	-0.361000	5861.2500	0.0000	0.300	0.000	7.63
55.6800	56.4000	-0.276900	5861.2500	84.0700	0.300	0.000	7.63
56.5700	57.4100	-0.185400	5861.2500	91.5200	0.300	0.000	7.63
57.4500	58.4100	-0.075800	5861.2500	109.6200	0.300	0.000	7.63
58.3300	59.4500	0.060400	5861.2500	136.2200	0.300	0.000	7.63
59.2300	60.5000	0.172200	6212.0000	111.7400	0.300	0.000	7.63
60.1000	61.5800	0.172200	6212.0000	0.0000	0.300	0.000	7.63
61.0000	62.6800	0.176400	6212.0000	4.2600	0.300	0.000	7.63
61.9000	63.7900	0.065800	6212.0000	-110.6800	0.300	0.000	7.63
62.8200	64.9300	-0.088500	6212.0000	-154.3100	0.300	0.000	7.63
63.7500	66.1100	-0.180100	6212.0000	-91.5200	0.300	0.000	7.63
64.7100	67.2800	-0.237500	6212.0000	-57.4700	0.300	0.000	7.63
65.6700	68.4600	-0.237500	6212.0000	0.0000	0.300	0.000	7.63
66.6500	69.6200	-0.314200	6212.0000	-76.6200	0.300	0.000	7.63
67.6200	70.6700	-0.372700	6212.0000	-58.5300	0.300	0.000	7.63
68.6000	71.7100	-0.389700	5043.0300	-17.0300	0.300	0.000	7.63
69.5800	72.7700	-0.345000	5043.0300	44.7000	0.300	0.000	7.63
70.5700	73.7800	-0.285400	5043.0300	59.6000	0.300	0.000	7.63
71.5700	74.7800	-0.285400	5043.0300	0.0000	0.300	0.000	7.63
72.5700	75.7200	-0.243900	5043.0300	41.5000	0.300	0.000	7.63
73.5900	76.6400	-0.184300	5043.0300	59.6000	0.300	0.000	7.63
74.6200	77.5100	-0.101300	5043.0300	83.0100	0.300	0.000	7.63
75.6600	78.4300	-0.048100	5043.0300	53.2100	0.300	0.000	7.63
76.6800	79.3500	-0.051300	5043.0300	-3.1900	0.300	0.000	7.63
77.6900	80.2900	-0.051300	5043.0300	0.0000	0.300	0.000	7.63
78.7100	81.2200	-0.079000	4984.3800	-27.6700	0.300	0.000	7.63
79.7300	82.1600	-0.071500	4984.3800	7.4500	0.300	0.000	7.63
80.7600	83.1000	-0.068300	4984.3800	3.1900	0.300	0.000	7.63
81.8000	84.0700	-0.133200	4984.3800	-64.9200	0.300	0.000	7.63
82.8200	85.0500	-0.215200	4984.3800	-81.9500	0.300	0.000	7.63
83.8400	86.0100	-0.215200	4984.3800	0.0000	0.300	0.000	7.63
84.8500	86.9900	-0.262000	4984.3800	-46.8300	0.300	0.000	7.63
85.8700	87.9400	-0.283300	4984.3800	-21.2800	0.300	0.000	7.63
86.8900	88.9000	-0.304600	4984.3800	-21.2800	0.300	0.000	7.63
87.9200	89.8800	-0.346100	4769.5000	-41.5000	0.300	0.000	7.63
88.9400	90.9100	-0.379100	4769.5000	-32.9900	0.300	0.000	7.63
89.9400	91.9300	-0.379100	4769.5000	0.0000	0.300	0.000	7.63
90.9500	92.9500	-0.369500	4769.5000	9.5800	0.300	0.000	7.63
91.9500	94.0300	-0.346100	4769.5000	23.4100	0.300	0.000	7.63
92.9500	95.1000	-0.329100	4769.5000	17.0300	0.300	0.000	7.63
93.9500	96.2200	-0.295000	4769.5000	34.0600	0.300	0.000	7.63
95.0000	97.4000	-0.251400	4769.5000	43.6300	0.300	0.000	7.63
96.0800	98.5900	-0.251400	4769.5000	0.0000	0.300	0.000	7.63
97.1600	99.8100	-0.172600	4769.5000	78.7500	0.300	0.000	7.63
98.2500	101.0400	-0.047000	4843.1200	125.5800	0.300	0.000	7.63
99.3700	102.2600	0.091300	4843.1200	138.3500	0.300	0.000	7.63
100.4700	103.4800	0.196700	4843.1200	105.3600	0.300	0.000	7.63
101.5800	104.7300	0.175400	4843.1200	-21.2800	0.300	0.000	7.63
102.7000	106.0100	0.175400	4843.1200	0.0000	0.300	0.000	7.63
103.8400	107.2900	0.007200	4843.1200	-168.1500	0.300	0.000	7.63
104.9700	108.5000	-0.165200	4843.1200	-172.4000	0.300	0.000	7.63
106.1100	109.6800	-0.175800	4843.1200	-10.6400	0.300	0.000	7.63
107.2700	110.8600	-0.029000	4843.1200	146.8600	0.300	0.000	7.63
108.4800	111.9900	-0.029000	4843.1200	0.0000	0.300	0.000	7.63
109.6800	113.0900	0.134900	6661.5100	163.8900	0.300	0.000	7.63
110.9000	114.1100	0.205200	6661.5100	70.2400	0.300	0.000	7.63
112.1300	115.1200	0.222200	6661.5100	17.0300	0.300	0.000	7.63
113.3700	116.0800	0.264800	6661.5100	42.5700	0.300	0.000	7.63
114.6700	117.0600	0.304200	6661.5100	39.3800	0.300	0.000	7.63
116.0000	118.0800	0.304200	6661.5100	0.0000	0.300	0.000	7.63
117.3600	119.1500	0.238200	6661.5100	-65.9800	0.300	0.000	7.63
118.7300	120.2700	0.130700	6661.5100	-107.4900	0.300	0.000	7.63
120.1500	121.4100	0.128600	6661.5100	-2.1300	0.300	0.000	7.63
121.5600	122.5600	0.215800	5257.3100	87.2700	0.300	0.000	7.63
123.0000	123.7600	0.290300	5257.3100	74.5000	0.300	0.000	7.63
124.4800	125.0500	0.290300	5257.3100	0.0000	0.300	0.000	7.63
125.9500	126.4300	0.295600	5257.3100	5.3200	0.300	0.000	7.63
127.4300	127.9100	0.263700	5257.3100	-31.9300	0.300	0.000	7.63
128.9200	129.4000	0.247700	5257.3100	-15.9600	0.300	0.000	7.63
130.4600	130.9600	0.242400	5257.3100	-5.3200	0.300	0.000	7.63
132.0300	132.5100	0.282900	5257.3100	40.4400	0.300	0.000	7.63
133.5700	134.0500	0.282900	5257.3100	0.0000	0.300	0.000	7.63
135.0900	135.6200	0.411600	5257.3100	128.7700	0.300	0.000	7.63
136.5600	137.1800	0.621300	1849.7700	209.6500	0.300	0.000	7.63
137.9600	138.6500	0.865000	1849.7700	243.7100	0.300	0.000	7.63
139.3300	140.2100	0.952300	1849.7700	87.2700	0.300	0.000	7.63
140.6700	141.7900	0.791600	1849.7700	-160.7000	0.300	0.000	7.63
141.9300	143.3600	0.791600	1849.7700	0.0000	0.300	0.000	7.63
143.2000	144.9200	0.411600	1849.7700	-379.9300	0.300	0.000	7.63
144.4600	146.4700	-0.027900	1849.7700	-439.5200	0.300	0.000	7.63
145.7100	148.0500	-0.159900	1849.7700	-131.9600	0.300	0.000	7.63
146.9900	149.6200	0.029600	1849.7700	189.4300	0.300	0.000	7.63
148.3100	151.1600	0.247700	3551.4500	218.1700	0.300	0.000	7.63
149.7000	152.6900	0.247700	3551.4500	0.0000	0.300	0.000	7.63
151.1400	154.1700	0.396700	3551.4500	148.9900	0.300	0.000	7.63
152.5700	155.6100	0.527600	3551.4500	130.9000	0.300	0.000	7.63
153.9500	156.9800	0.616000	3551.4500	88.3300	0.300	0.000	7.63
155.3100	158.3200	0.629800	3551.4500	13.8300	0.300	0.000	7.63
156.6800	159.6100	0.566000	3551.4500	-63.8500	0.300	0.000	7.63
158.0800	160.7900	0.566000	3551.4500	0.0000	0.300	0.000	7.63
159.4700	161.9300	0.419100	3551.4500	-146.8600	0.300	0.000	7.63
160.9100	163.0800	0.271200	3551.4500	-147.9300	0.300	0.000	7.63
162.3700	164.3400	0.221100	2146.0500	-50.0200	0.300	0.000	7.63
163.7800	165.6000	0.230700	2146.0500	9.5800	0.300	0.000	7.63
165.2200	166.9300	0.217900	2146.0500	-12.7700	0.300	0.000	7.63
166.6100	168.3300	0.217900	2146.0500	0.0000	0.300	0.000	7.63
168.0100	169.7400	0.171100	2146.0500	-46.8300	0.300	0.000	7.63
169.3900	171.1400	0.086000	2146.0500	-85.1400	0.300	0.000	7.63
170.7200	172.5200	0.008300	2146.0500	-77.6900	0.300	0.000	7.63
172.0600	173.9100	-0.006600	2146.0500	-14.9000	0.300	0.000	7.63
173.3700	175.3300	0.044500	2146.0500	51.0800	0.300	0.000	7.63
174.6900	176.8000	0.044500	2146.0500	0.0000	0.300	0.000	7.63
176.0100	178.3000	0.114700	2062.8500	70.2400	0.300	0.000	7.63
177.3600	179.8300	0.123200	2062.8500	8.5100	0.300	0.000	7.63
178.7200	181.4100	0.092400	2062.8500	-30.8600	0.300	0.000	7.63
180.0900	183.0300	0.115800	2062.8500	23.4100	0.300	0.000	7.63
181.5100	184.6200	0.178600	2062.8500	62.7900	0.300	0.000	7.63
182.9500	186.2200	0.178600	2062.8500	0.0000	0.300	0.000	7.63
184.4400	187.8900	0.162600	2062.8500	-15.9600	0.300	0.000	7.63
185.9600	189.5300	0.170100	2062.8500	7.4500	0.300	0.000	7.63
187.4500	191.1400	0.340300	2062.8500	170.2800	0.300	0.000	7.63
188.9700	192.7000	0.554200	3631.0500	213.9100	0.300	0.000	7.63
190.5000	194.1900	0.638300	3631.0500	84.0700	0.300	0.000	7.63
192.0200	195.5900	0.638300	3631.0500	0.0000	0.300	0.000	7.63
193.5300	196.9200	0.611700	3631.0500	-26.6100	0.300	0.000	7.63
195.0300	198.2000	0.639400	3631.0500	27.6700	0.300	0.000	7.63
196.5700	199.4200	0.683000	3631.0500	43.6300	0.300	0.000	7.63
198.1200	200.5900	0.656400	3631.0500	-26.6100	0.300	0.000	7.63
199.7200	201.7900	0.673400	3631.0500	17.0300	0.300	0.000	7.63
201.3500	203.0300	0.673400	3631.0500	0.0000	0.300	0.000	7.63
203.0100	204.3000	0.706400	3631.0500	32.9900	0.300	0.000	7.63
204.6600	205.7000	0.622400	4151.1900	-84.0700	0.300	0.000	7.63
206.3200	207.2700	0.461700	4151.1900	-160.7000	0.300	0.000	7.63
207.9700	209.0900	0.277500	4151.1900	-184.1100	0.300	0.000	7.63
209.6100	210.9600	0.277500	4151.1900	0.0000	0.300	0.000	7.63
211.2800	212.8600	0.091300	4151.1900	-186.2400	0.300	0.000	7.63
212.9400	214.7500	-0.022600	4151.1900	-113.8700	0.300	0.000	7.63
214.5300	216.5700	0.001900	4151.1900	24.4800	0.300	0.000	7.63
216.1300	218.4400	0.089200	4151.1900	87.2700	0.300	0.000	7.63
217.7000	220.3200	0.175400	4151.1900	86.2000	0.300	0.000	7.63
219.2600	222.2100	0.175400	4151.1900	0.0000	0.300	0.000	7.63
220.8900	224.1100	0.271200	1523.5600	95.7800	0.300	0.000	7.63
222.5100	225.9400	0.308400	1523.5600	37.2500	0.300	0.000	7.63
224.0300	227.8100	0.254100	1523.5600	-54.2800	0.300	0.000	7.63
225.5400	229.7300	0.240300	1523.5600	-13.8300	0.300	0.000	7.63
227.0600	231.6200	0.274400	1523.5600	34.0600	0.300	0.000	7.63
228.5700	233.5200	0.274400	1523.5600	0.0000	0.300	0.000	7.63
230.1700	235.3700	0.293500	1523.5600	19.1600	0.300	0.000	7.63
231.8000	237.1300	0.380800	1523.5600	87.2700	0.300	0.000	7.63
233.4200	238.7400	0.486100	1523.5600	105.3600	0.300	0.000	7.63
235.0500	240.2000	0.535100	2644.6400	48.9500	0.300	0.000	7.63
236.6700	241.5500	0.692600	2644.6400	157.5100	0.300	0.000	7.63
238.2600	242.8700	0.692600	2644.6400	0.0000	0.300	0.000	7.63
239.8600	244.2500	0.908600	2644.6400	216.0400	0.300	0.000	7.63
241.4100	245.6000	0.889500	2644.6400	-19.1600	0.300	0.000	7.63
243.0100	246.9000	0.655300	2644.6400	-234.1300	0.300	0.000	7.63
244.6500	248.2300	0.429700	2644.6400	-225.6200	0.300	0.000	7.63
246.2800	249.6500	0.386100	2644.6400	-43.6300	0.300	0.000	7.63
247.9000	251.1700	0.386100	2644.6400	0.0000	0.300	0.000	7.63
249.4900	252.7800	0.445700	2644.6400	59.6000	0.300	0.000	7.63
251.1100	254.4800	0.442500	2954.0900	-3.1900	0.300	0.000	7.63
252.7400	256.1900	0.394600	2954.0900	-47.8900	0.300	0.000	7.63
254.3600	257.9100	0.389300	2954.0900	-5.3200	0.300	0.000	7.63
255.9500	259.6600	0.497800	2954.0900	108.5500	0.300	0.000	7.63
257.5300	261.4800	0.497800	2954.0900	0.0000	0.300	0.000	7.63
259.1000	263.2900	0.673400	2954.0900	175.6000	0.300	0.000	7.63
260.7200	265.1300	0.780900	2954.0900	107.4900	0.300	0.000	7.63
262.3100	266.9400	0.788400	2954.0900	7.4500	0.300	0.000	7.63
263.9300	268.7500	0.741500	2954.0900	-46.8300	0.300	0.000	7.63
265.5600	270.6100	0.690500	4102.1100	-51.0800	0.300	0.000	7.63
267.2600	272.4400	0.690500	4102.1100	0.0000	0.300	0.000	7.63
268.9500	274.2800	0.641500	4102.1100	-48.9500	0.300	0.000	7.63
270.6700	276.1100	0.577700	4102.1100	-63.8500	0.300	0.000	7.63
272.4000	277.9300	0.551100	4102.1100	-26.6100	0.300	0.000	7.63
274.2200	279.6800	0.574500	4102.1100	23.4100	0.300	0.000	7.63
276.0700	281.3000	0.701100	4102.1100	126.6400	0.300	0.000	7.63
277.9500	282.8500	0.701100	4102.1100	0.0000	0.300	0.000	7.63
279.8800	284.4300	0.907600	4102.1100	206.4600	0.300	0.000	7.63
281.8000	286.0200	0.989500	4102.1100	81.9500	0.300	0.000	7.63
283.6500	287.6000	0.926700	2833.7800	-62.7900	0.300	0.000	7.63
285.5100	289.1800	0.889500	2833.7800	-37.2500	0.300	0.000	7.63
287.3200	290.7700	0.900100	2833.7800	10.6400	0.300	0.000	7.63
289.1200	292.4900	0.900100	2833.7800	0.0000	0.300	0.000	7.63
290.8500	294.3000	0.823500	2833.7800	-76.6200	0.300	0.000	7.63
292.6100	296.2500	0.667100	2833.7800	-156.4400	0.300	0.000	7.63
294.3200	298.3500	0.556400	2833.7800	-110.6800	0.300	0.000	7.63
296.0400	300.4800	0.526600	2833.7800	-29.8000	0.300	0.000	7.63
297.7700	302.6800	0.518100	2833.7800	-8.5100	0.300	0.000	7.63
299.4900	304.8500	0.518100	2833.7800	0.0000	0.300	0.000	7.63
301.2200	307.0000	0.486100	2393.2500	-31.9300	0.300	0.000	7.63
302.9600	309.1600	0.389300	2393.2500	-96.8400	0.300	0.000	7.63
304.6900	311.2900	0.304200	2393.2500	-85.1400	0.300	0.000	7.63
306.4400	313.3800	0.352000	2393.2500	47.8900	0.300	0.000	7.63
308.2200	315.3600	0.569100	2393.2500	217.1000	0.300	0.000	7.63
310.0500	317.2500	0.569100	2393.2500	0.0000	0.300	0.000	7.63
311.8300	319.0900	0.850100	2393.2500	280.9600	0.300	0.000	7.63
313.6000	320.9000	0.993800	2393.2500	143.6700	0.300	0.000	7.63
315.3200	322.6400	0.953300	2393.2500	-40.4400	0.300	0.000	7.63
317.0700	324.3100	0.829900	2567.4300	-123.4500	0.300	0.000	7.63
318.8700	325.9300	0.829900	2567.4300	0.0000	0.300	0.000	7.63
320.6400	327.5000	0.701100	2567.4300	-128.7700	0.300	0.000	7.63
322.4400	329.0200	0.657500	2567.4300	-43.6300	0.300	0.000	7.63
324.2300	330.4900	0.739400	2567.4300	81.9500	0.300	0.000	7.63
326.0100	331.9500	0.811800	2567.4300	72.3700	0.300	0.000	7.63
327.8200	333.4300	0.700000	2567.4300	-111.7400	0.300	0.000	7.63
329.6400	335.0200	0.700000	2567.4300	0.0000	0.300	0.000	7.63
331.3900	336.8000	0.453100	2567.4300	-246.9000	0.300	0.000	7.63
333.1300	338.6700	0.375500	2567.4300	-77.6900	0.300	0.000	7.63
334.8600	340.6400	0.454200	2471.0600	78.7500	0.300	0.000	7.63
336.6200	342.7000	0.473400	2471.0600	19.1600	0.300	0.000	7.63
338.3500	344.8100	0.425500	2471.0600	-47.8900	0.300	0.000	7.63
340.1100	346.9300	0.425500	2471.0600	0.0000	0.300	0.000	7.63
341.9200	348.9400	0.444600	2471.0600	19.1600	0.300	0.000	7.63
343.7400	350.8800	0.603200	2471.0600	158.5700	0.300	0.000	7.63
345.5300	352.7300	0.730900	2471.0600	127.7100	0.300	0.000	7.63
347.3100	354.5600	0.773500	2471.0600	42.5700	0.300	0.000	7.63
349.1200	356.3600	0.792600	2471.0600	19.1600	0.300	0.000	7.63
350.9700	358.1700	0.792600	2471.0600	0.0000	0.300	0.000	7.63
352.8300	359.9900	0.766000	2850.5400	-26.6100	0.300	0.000	7.63
354.7400	361.8200	0.697900	2850.5400	-68.1100	0.300	0.000	7.63
356.7000	363.6600	0.702200	2850.5400	4.2600	0.300	0.000	7.63
358.6900	365.5100	0.745800	2850.5400	43.6300	0.300	0.000	7.63
360.7900	367.4300	0.701100	2850.5400	-44.7000	0.300	0.000	7.63
362.9400	369.3800	0.701100	2850.5400	0.0000	0.300	0.000	7.63
365.1100	371.3600	0.572300	2850.5400	-128.7700	0.300	0.000	7.63
367.2500	373.2100	0.436100	2850.5400	-136.2200	0.300	0.000	7.63
369.3000	375.0400	0.406300	2850.5400	-29.8000	0.300	0.000	7.63
371.2400	376.9600	0.396700	2055.0700	-9.5800	0.300	0.000	7.63
373.1500	379.1100	0.311600	2055.0700	-85.1400	0.300	0.000	7.63
375.0600	381.4700	0.311600	2055.0700	0.0000	0.300	0.000	7.63
377.0000	383.9400	0.204100	2055.0700	-107.4900	0.300	0.000	7.63
378.8700	386.3300	0.140300	2055.0700	-63.8500	0.300	0.000	7.63
380.7300	388.7400	0.146600	2055.0700	6.3900	0.300	0.000	7.63
382.5400	391.0800	0.237100	2055.0700	90.4600	0.300	0.000	7.63
384.4000	393.3100	0.489300	2055.0700	252.2200	0.300	0.000	7.63
386.2900	395.3900	0.489300	2055.0700	0.0000	0.300	0.000	7.63
388.2300	397.3400	0.868200	2055.0700	378.8600	0.300	0.000	7.63
390.1400	399.2500	1.064000	3719.0400	195.8200	0.300	0.000	7.63
392.0900	401.1700	0.901200	3719.0400	-162.8300	0.300	0.000	7.63
394.0700	403.0600	0.586200	3719.0400	-315.0100	0.300	0.000	7.63
396.0200	404.9800	0.397800	3719.0400	-188.3700	0.300	0.000	7.63
397.9800	406.8700	0.397800	3719.0400	0.0000	0.300	0.000	7.63
399.9100	408.8100	0.405300	3719.0400	7.4500	0.300	0.000	7.63
401.8100	410.6600	0.426500	3719.0400	21.2800	0.300	0.000	7.63
403.7400	412.4400	0.332900	3719.0400	-93.6500	0.300	0.000	7.63
405.7100	414.1300	0.285000	3719.0400	-47.8900	0.300	0.000	7.63
407.6900	415.7900	0.396700	1408.0400	111.7400	0.300	0.000	7.63
409.6600	417.4600	0.396700	1408.0400	0.0000	0.300	0.000	7.63
411.6200	419.2600	0.502100	1408.0400	105.3600	0.300	0.000	7.63
413.5300	421.2700	0.473400	1408.0400	-28.7300	0.300	0.000	7.63
415.5100	423.4200	0.389300	1408.0400	-84.0700	0.300	0.000	7.63
417.4600	425.7000	0.377600	1408.0400	-11.7100	0.300	0.000	7.63
419.3400	427.9700	0.539300	1408.0400	161.7600	0.300	0.000	7.63
421.1500	430.2400	0.539300	1408.0400	0.0000	0.300	0.000	7.63
423.0000	432.5200	0.676600	1408.0400	137.2800	0.300	0.000	7.63
424.9200	434.7300	0.579800	1408.0400	-96.8400	0.300	0.000	7.63
426.8900	436.8000	0.396700	2087.3900	-183.0500	0.300	0.000	7.63
428.9300	438.7000	0.429700	2087.3900	32.9900	0.300	0.000	7.63
430.9800	440.4700	0.692600	2087.3900	262.8600	0.300	0.000	7.63
433.0400	442.2300	0.692600	2087.3900	0.0000	0.300	0.000	7.63
435.0700	443.9600	0.878800	2087.3900	186.2400	0.300	0.000	7.63
437.1000	445.7000	0.865000	2087.3900	-13.8300	0.300	0.000	7.63
439.1800	447.5300	0.765000	2087.3900	-100.0400	0.300	0.000	7.63
441.2700	449.4900	0.679800	2087.3900	-85.1400	0.300	0.000	7.63
443.4400	451.4800	0.594700	2087.3900	-85.1400	0.300	0.000	7.63
445.7000	453.5600	0.594700	2087.3900	0.0000	0.300	0.000	7.63
447.9700	455.7100	0.500000	1971.2700	-94.7200	0.300	0.000	7.63
450.2200	457.9200	0.407400	1971.2700	-92.5900	0.300	0.000	7.63
452.4200	460.1600	0.293500	1971.2700	-113.8700	0.300	0.000	7.63
454.5300	462.4300	0.231800	1971.2700	-61.7300	0.300	0.000	7.63
456.5900	464.8200	0.231800	1971.2700	0.0000	0.300	0.000	7.63
458.6000	467.3200	0.192400	1971.2700	-39.3800	0.300	0.000	7.63
460.5900	469.8500	0.132800	1971.2700	-59.6000	0.300	0.000	7.63
462.5900	472.4200	0.152000	1971.2700	19.1600	0.300	0.000	7.63
464.5800	474.9300	0.255200	1971.2700	103.2300	0.300	0.000	7.63
466.6000	477.3900	0.305200	1505.0000	50.0200	0.300	0.000	7.63
468.6300	479.7000	0.305200	1505.0000	0.0000	0.300	0.000	7.63
470.7100	481.8300	0.378600	1505.0000	73.4300	0.300	0.000	7.63
472.8200	483.7500	0.610600	1505.0000	232.0000	0.300	0.000	7.63
474.8900	485.5400	0.807500	1505.0000	196.8800	0.300	0.000	7.63
476.9700	487.2800	0.776700	1505.0000	-30.8600	0.300	0.000	7.63
479.0400	489.0500	0.580900	1505.0000	-195.8200	0.300	0.000	7.63
481.1100	490.8700	0.580900	1505.0000	0.0000	0.300	0.000	7.63
483.2100	492.7200	0.369100	1505.0000	-211.7800	0.300	0.000	7.63
485.3000	494.5800	0.264800	1505.0000	-104.2900	0.300	0.000	7.63
487.4200	496.4900	0.249900	4662.3500	-14.9000	0.300	0.000	7.63
489.5100	498.5200	0.214800	4662.3500	-35.1200	0.300	0.000	7.63
491.6400	500.6200	0.111500	4662.3500	-103.2300	0.300	0.000	7.63
493.7400	502.7300	0.111500	4662.3500	0.0000	0.300	0.000	7.63
495.7900	504.8900	-0.039600	4662.3500	-151.1200	0.300	0.000	7.63
497.8300	507.1400	-0.138600	4662.3500	-98.9700	0.300	0.000	7.63
499.9000	509.5100	-0.133200	4662.3500	5.3200	0.300	0.000	7.63
501.9500	511.9800	-0.007700	4662.3500	125.5800	0.300	0.000	7.63
503.9300	514.4000	0.192400	4662.3500	200.0700	0.300	0.000	7.63
505.8800	516.7700	0.192400	4662.3500	0.0000	0.300	0.000	7.63
507.8600	519.0400	0.319100	3079.7900	126.6400	0.300	0.000	7.63
509.8900	521.2200	0.428700	3079.7900	109.6200	0.300	0.000	7.63
511.9600	523.2900	0.613800	3079.7900	185.1800	0.300	0.000	7.63
514.0600	525.2100	0.708600	3079.7900	94.7200	0.300	0.000	7.63
516.2700	527.0000	0.638300	3079.7900	-70.2400	0.300	0.000	7.63
518.5700	528.7600	0.638300	3079.7900	0.0000	0.300	0.000	7.63
520.9600	530.5700	0.562800	3079.7900	-75.5600	0.300	0.000	7.63
523.3300	532.5000	0.595700	3079.7900	32.9900	0.300	0.000	7.63
525.6800	534.5400	0.649000	3079.7900	53.2100	0.300	0.000	7.63
528.1200	536.7700	0.639400	888.4900	-9.5800	0.300	0.000	7.63
530.5300	539.1700	0.567000	888.4900	-72.3700	0.300	0.000	7.63
532.8600	541.6800	0.567000	888.4900	0.0000	0.300	0.000	7.63
535.1600	544.2500	0.414800	888.4900	-152.1800	0.300	0.000	7.63
537.3900	546.8800	0.236000	888.4900	-178.7900	0.300	0.000	7.63
539.5200	549.4900	0.110500	888.4900	-125.5800	0.300	0.000	7.63
541.5800	552.0900	0.056200	888.4900	-54.2800	0.300	0.000	7.63
543.7300	554.7400	0.017900	888.4900	-38.3100	0.300	0.000	7.63
545.8700	557.4300	0.017900	888.4900	0.0000	0.300	0.000	7.63
547.9800	560.1400	-0.003400	888.4900	-21.2800	0.300	0.000	7.63
550.0300	562.8200	-0.036400	-231.3900	-32.9900	0.300	0.000	7.63
552.1100	565.1900	-0.094900	-231.3900	-58.5300	0.300	0.000	7.63
554.2600	567.2000	0.065800	-231.3900	160.7000	0.300	0.000	7.63
556.4500	568.9800	0.521300	-231.3900	455.4900	0.300	0.000	7.63
558.7100	570.6700	0.521300	-231.3900	0.0000	0.300	0.000	7.63
560.9400	572.3700	0.960800	-231.3900	439.5200	0.300	0.000	7.63
563.1700	574.1200	1.031000	-231.3900	70.2400	0.300	0.000	7.63
565.3900	576.0200	0.769200	-231.3900	-261.8000	0.300	0.000	7.63
567.6000	578.0700	0.529800	-231.3900	-239.4500	0.300	0.000	7.63
569.8000	580.3000	0.385000	2430.9600	-144.7300	0.300	0.000	7.63
572.0300	582.6000	0.385000	2430.9600	0.0000	0.300	0.000	7.63
574.2200	584.8500	0.212600	2430.9600	-172.4000	0.300	0.000	7.63
576.4200	587.1600	0.023200	2430.9600	-189.4300	0.300	0.000	7.63
578.5700	589.5600	-0.131100	2430.9600	-154.3100	0.300	0.000	7.63
580.6800	591.9900	-0.145000	2430.9600	-13.8300	0.300	0.000	7.63
582.7400	594.5000	-0.043800	2430.9600	101.1000	0.300	0.000	7.63
584.8100	597.0000	-0.043800	2430.9600	0.0000	0.300	0.000	7.63
586.9100	599.4700	-0.002300	2430.9600	41.5000	0.300	0.000	7.63
588.9600	601.8200	0.050900	2430.9600	53.2100	0.300	0.000	7.63
591.0300	604.0400	0.338200	3268.9300	287.3400	0.300	0.000	7.63
593.0500	606.1300	0.744700	3268.9300	406.5300	0.300	0.000	7.63
595.1400	608.0400	0.744700	3268.9300	0.0000	0.300	0.000	7.63
597.3400	609.8200	0.926700	3268.9300	181.9800	0.300	0.000	7.63
599.6300	611.5100	0.858600	3268.9300	-68.1100	0.300	0.000	7.63
602.0400	613.2700	0.806500	3268.9300	-52.1500	0.300	0.000	7.63
604.5500	615.1800	0.904400	3268.9300	97.9100	0.300	0.000	7.63
607.1100	617.4600	1.034200	3268.9300	129.8400	0.300	0.000	7.63
609.6400	620.0300	1.034200	3268.9300	0.0000	0.300	0.000	7.63
612.1100	622.7000	1.035300	3268.9300	1.0600	0.300	0.000	7.63
614.5300	625.3700	0.868200	234.2800	-167.0800	0.300	0.000	7.63
616.9000	627.9700	0.621300	234.2800	-246.9000	0.300	0.000	7.63
619.2500	630.5600	0.409500	234.2800	-211.7800	0.300	0.000	7.63
621.5400	633.2300	0.338200	234.2800	-71.3000	0.300	0.000	7.63
623.7200	635.8600	0.338200	234.2800	0.0000	0.300	0.000	7.63
625.8500	638.4800	0.401000	234.2800	62.7900	0.300	0.000	7.63
628.0900	641.1500	0.414800	234.2800	13.8300	0.300	0.000	7.63
630.3400	643.8600	0.370100	234.2800	-44.7000	0.300	0.000	7.63
632.5700	646.6100	0.341400	234.2800	-28.7300	0.300	0.000	7.63
634.8900	649.1200	0.325400	257.6200	-15.9600	0.300	0.000	7.63
637.1800	651.1800	0.325400	257.6200	0.0000	0.300	0.000	7.63
639.4500	652.9300	0.414800	257.6200	89.3900	0.300	0.000	7.63
641.7100	654.5700	0.769200	257.6200	354.3900	0.300	0.000	7.63
643.9400	656.2400	1.189600	257.6200	420.3700	0.300	0.000	7.63
646.1700	658.0800	1.224700	257.6200	35.1200	0.300	0.000	7.63
648.4300	660.1900	0.879900	257.6200	-344.8100	0.300	0.000	7.63
650.7200	662.5200	0.879900	257.6200	0.0000	0.300	0.000	7.63
653.0300	664.9200	0.553200	257.6200	-326.7200	0.300	0.000	7.63
655.3500	667.4100	0.456300	257.6200	-96.8400	0.300	0.000	7.63
657.6400	669.9800	0.511700	2007.1900	55.3400	0.300	0.000	7.63
659.8700	672.6400	0.508500	2007.1900	-3.1900	0.300	0.000	7.63
662.0500	675.2500	0.389300	2007.1900	-119.1900	0.300	0.000	7.63
664.2400	677.7800	0.389300	2007.1900	0.0000	0.300	0.000	7.63
666.4700	680.2300	0.375500	2007.1900	-13.8300	0.300	0.000	7.63
668.6700	682.6300	0.572300	2007.1900	196.8800	0.300	0.000	7.63
670.8600	685.0000	0.746900	2007.1900	174.5300	0.300	0.000	7.63
673.0700	687.3500	0.756400	2007.1900	9.5800	0.300	0.000	7.63
675.3700	689.6100	0.761800	2007.1900	5.3200	0.300	0.000	7.63
677.7600	691.7400	0.761800	2007.1900	0.0000	0.300	0.000	7.63
680.1700	693.7700	0.870300	1451.1300	108.5500	0.300	0.000	7.63
682.6300	695.7700	1.052300	1451.1300	181.9800	0.300	0.000	7.63
685.1200	697.7000	1.246000	1451.1300	193.6900	0.300	0.000	7.63
687.6300	699.7000	1.366200	1451.1300	120.2600	0.300	0.000	7.63
690.1600	701.9500	1.414100	1451.1300	47.8900	0.300	0.000	7.63
692.7200	704.4600	1.414100	1451.1300	0.0000	0.300	0.000	7.63
695.2500	707.1700	1.357700	1451.1300	-56.4000	0.300	0.000	7.63
697.7600	709.9700	1.185300	1451.1300	-172.4000	0.300	0.000	7.63
700.1900	712.7800	1.003300	1451.1300	-181.9800	0.300	0.000	7.63
702.5500	715.6100	0.829900	-852.0900	-173.4700	0.300	0.000	7.63
704.8000	718.3800	0.730900	-852.0900	-98.9700	0.300	0.000	7.63
707.0300	721.0700	0.730900	-852.0900	0.0000	0.300	0.000	7.63
709.2700	723.6100	0.703200	-852.0900	-27.6700	0.300	0.000	7.63
711.5200	726.1800	0.661700	-852.0900	-41.5000	0.300	0.000	7.63
713.7800	728.8900	0.617000	-852.0900	-44.7000	0.300	0.000	7.63
716.1100	731.5600	0.494600	-852.0900	-122.3900	0.300	0.000	7.63
718.4800	733.9600	0.376500	-852.0900	-118.1300	0.300	0.000	7.63
720.8500	735.9700	0.376500	-852.0900	0.0000	0.300	0.000	7.63
723.1700	737.7500	0.493600	-852.0900	117.0600	0.300	0.000	7.63
725.4600	739.4600	0.846900	341.4200	353.3200	0.300	0.000	7.63
727.7900	741.2900	1.177900	341.4200	330.9700	0.300	0.000	7.63
730.1500	743.3900	1.168300	341.4200	-9.5800	0.300	0.000	7.63
732.5400	745.7600	0.860700	341.4200	-307.5600	0.300	0.000	7.63
734.9300	748.2700	0.860700	341.4200	0.0000	0.300	0.000	7.63
737.2900	750.8700	0.452100	341.4200	-408.6600	0.300	0.000	7.63
739.5800	753.5600	0.226500	341.4200	-225.6200	0.300	0.000	7.63
741.8300	756.2700	0.438200	341.4200	211.7800	0.300	0.000	7.63
744.0700	758.9400	0.808600	341.4200	370.3500	0.300	0.000	7.63
746.3000	761.4800	0.978900	1432.5800	170.2800	0.300	0.000	7.63
748.5100	763.8500	0.978900	1432.5800	0.0000	0.300	0.000	7.63
750.6700	766.1400	0.920300	1432.5800	-58.5300	0.300	0.000	7.63
752.8200	768.3800	0.873500	1432.5800	-46.8300	0.300	0.000	7.63
755.0500	770.5500	0.944800	1432.5800	71.3000	0.300	0.000	7.63
757.3900	772.7000	1.002300	1432.5800	57.4700	0.300	0.000	7.63
759.8000	774.8600	1.002300	1432.5800	0.0000	0.300	0.000	7.63
762.2500	777.0300	1.040600	1432.5800	38.3100	0.300	0.000	7.63
764.7100	779.2800	1.139600	1432.5800	98.9700	0.300	0.000	7.63
767.3000	781.5200	1.219400	1432.5800	79.8200	0.300	0.000	7.63
769.9700	783.8100	1.194900	2096.9700	-24.4800	0.300	0.000	7.63
772.6400	786.2400	1.111900	2096.9700	-83.0100	0.300	0.000	7.63
775.3000	788.9000	1.111900	2096.9700	0.0000	0.300	0.000	7.63
777.9100	791.7700	0.962900	2096.9700	-148.9900	0.300	0.000	7.63
780.4400	794.6400	0.828800	2096.9700	-134.0900	0.300	0.000	7.63
782.9700	797.4900	0.870300	2096.9700	41.5000	0.300	0.000	7.63
785.4900	800.3000	1.044900	2096.9700	174.5300	0.300	0.000	7.63
787.9200	803.0500	1.147000	2096.9700	102.1700	0.300	0.000	7.63
790.2700	805.6700	1.147000	2096.9700	0.0000	0.300	0.000	7.63
792.6400	808.2200	1.060800	2096.9700	-86.2000	0.300	0.000	7.63
795.0800	810.7900	0.886300	-56.0200	-174.5300	0.300	0.000	7.63
797.5500	813.3800	0.792600	-56.0200	-93.6500	0.300	0.000	7.63
800.0600	815.8800	0.941600	-56.0200	148.9900	0.300	0.000	7.63
802.6400	818.1700	1.253400	-56.0200	311.8200	0.300	0.000	7.63
805.1300	820.2800	1.253400	-56.0200	0.0000	0.300	0.000	7.63
807.5400	822.3000	1.353500	-56.0200	100.0400	0.300	0.000	7.63
809.9300	824.3500	1.099100	-56.0200	-254.3500	0.300	0.000	7.63
812.3500	826.5100	0.774500	-56.0200	-324.5900	0.300	0.000	7.63
814.7800	828.8800	0.660700	-56.0200	-113.8700	0.300	0.000	7.63
817.2100	831.5100	0.735200	3538.8800	74.5000	0.300	0.000	7.63
819.6300	834.2400	0.735200	3538.8800	0.0000	0.300	0.000	7.63
821.9800	837.0400	0.827800	3538.8800	92.5900	0.300	0.000	7.63
824.3300	839.8500	0.872400	3538.8800	44.7000	0.300	0.000	7.63
826.7300	842.6200	0.890500	3538.8800	18.0900	0.300	0.000	7.63
829.1000	845.2500	0.891600	3538.8800	1.0600	0.300	0.000	7.63
831.4500	847.6600	0.984200	3538.8800	92.5900	0.300	0.000	7.63
833.7600	849.9400	0.984200	3538.8800	0.0000	0.300	0.000	7.63
836.0600	852.1100	1.125700	3538.8800	141.5400	0.300	0.000	7.63
838.4100	854.2600	1.085300	3538.8800	-40.4400	0.300	0.000	7.63
840.8600	856.4600	0.952300	813.0800	-133.0300	0.300	0.000	7.63
843.4200	858.7300	0.931000	813.0800	-21.2800	0.300	0.000	7.63
846.0300	861.1400	0.934200	813.0800	3.1900	0.300	0.000	7.63
848.6800	863.8000	0.934200	813.0800	0.0000	0.300	0.000	7.63
851.3700	866.4700	0.901200	813.0800	-32.9900	0.300	0.000	7.63
854.0700	869.0400	0.884200	813.0800	-17.0300	0.300	0.000	7.63
856.8000	871.6500	0.829900	813.0800	-54.2800	0.300	0.000	7.63
859.5500	874.5500	0.689400	813.0800	-140.4800	0.300	0.000	7.63
862.2000	877.6000	0.610600	813.0800	-78.7500	0.300	0.000	7.63
864.7900	880.7100	0.610600	813.0800	0.0000	0.300	0.000	7.63
867.3300	883.7400	0.727700	-667.1400	117.0600	0.300	0.000	7.63
869.8000	886.5900	0.932000	-667.1400	204.3300	0.300	0.000	7.63
872.1900	889.3000	0.937400	-667.1400	5.3200	0.300	0.000	7.63
874.5900	891.9300	0.696900	-667.1400	-240.5100	0.300	0.000	7.63
876.9800	894.5100	0.440400	-667.1400	-256.4800	0.300	0.000	7.63
879.4100	896.9200	0.440400	-667.1400	0.0000	0.300	0.000	7.63
881.8600	899.2500	0.264800	-667.1400	-175.6000	0.300	0.000	7.63
884.3600	901.4300	0.232800	-667.1400	-31.9300	0.300	0.000	7.63
886.8100	903.4600	0.379700	-667.1400	146.8600	0.300	0.000	7.63
889.2600	905.5300	0.624500	1139.8900	244.7700	0.300	0.000	7.63
891.7200	907.7500	0.832000	1139.8900	207.5200	0.300	0.000	7.63
894.2100	910.1400	0.832000	1139.8900	0.0000	0.300	0.000	7.63
896.6600	912.6700	0.883100	1139.8900	51.0800	0.300	0.000	7.63
899.1500	915.3100	0.844800	1139.8900	-38.3100	0.300	0.000	7.63
901.6700	918.0400	0.762800	1139.8900	-81.9500	0.300	0.000	7.63
904.1600	920.9100	0.586200	1139.8900	-176.6600	0.300	0.000	7.63
906.5500	923.7400	0.415900	1139.8900	-170.2800	0.300	0.000	7.63
908.9500	926.4700	0.415900	1139.8900	0.0000	0.300	0.000	7.63
911.3200	929.0700	0.295600	1139.8900	-120.2600	0.300	0.000	7.63
913.6700	931.4200	0.266900	158.2600	-28.7300	0.300	0.000	7.63
916.0200	933.5700	0.441400	158.2600	174.5300	0.300	0.000	7.63
918.3400	935.6100	0.719200	158.2600	277.7600	0.300	0.000	7.63
920.6500	937.6400	0.865000	158.2600	145.8000	0.300	0.000	7.63
923.0200	939.7600	0.865000	158.2600	0.0000	0.300	0.000	7.63
925.5000	941.9900	0.818200	158.2600	-46.8300	0.300	0.000	7.63
928.0500	944.4800	0.707500	158.2600	-110.6800	0.300	0.000	7.63
930.7200	947.2100	0.581900	158.2600	-125.5800	0.300	0.000	7.63
933.4900	950.1000	0.378600	158.2600	-203.2700	0.300	0.000	7.63
936.2900	952.9800	0.378600	158.2600	0.0000	0.300	0.000	7.63
939.1600	955.8100	0.262600	443.1700	-116.0000	0.300	0.000	7.63
941.9900	958.6400	0.388200	443.1700	125.5800	0.300	0.000	7.63
944.7400	961.4900	0.581900	443.1700	193.6900	0.300	0.000	7.63
947.3900	964.4000	0.660700	443.1700	78.7500	0.300	0.000	7.63
949.9700	967.2500	0.671300	443.1700	10.6400	0.300	0.000	7.63
952.4600	969.9100	0.671300	443.1700	0.0000	0.300	0.000	7.63
954.9700	972.4400	0.770300	443.1700	98.9700	0.300	0.000	7.63
957.5000	974.8900	0.927800	443.1700	157.5100	0.300	0.000	7.63
960.0800	977.3100	0.955500	443.1700	27.6700	0.300	0.000	7.63
962.7500	979.7000	0.879900	1573.8300	-75.5600	0.300	0.000	7.63
965.5000	982.1100	0.951200	1573.8300	71.3000	0.300	0.000	7.63
968.2900	984.5400	0.951200	1573.8300	0.0000	0.300	0.000	7.63
971.0400	987.0000	1.133200	1573.8300	181.9800	0.300	0.000	7.63
973.7200	989.4900	1.115100	1573.8300	-18.0900	0.300	0.000	7.63
976.2900	992.0400	0.856500	1573.8300	-258.6100	0.300	0.000	7.63
978.8000	994.6700	0.656400	1573.8300	-200.0700	0.300	0.000	7.63
981.2500	997.4100	0.611700	1573.8300	-44.7000	0.300	0.000	7.63
983.7300	1000.2400	0.611700	1573.8300	0.0000	0.300	0.000	7.63
986.1800	1003.1500	0.578700	1573.8300	-32.9900	0.300	0.000	7.63
988.5700	1006.1200	0.465900	4619.2600	-112.8100	0.300	0.000	7.63
990.9700	1008.9900	0.379700	4619.2600	-86.2000	0.300	0.000	7.63
993.3600	1011.6500	0.438200	4619.2600	58.5300	0.300	0.000	7.63
995.7900	1014.1000	0.601100	4619.2600	162.8300	0.300	0.000	7.63
998.2400	1016.4100	0.601100	4619.2600	0.0000	0.300	0.000	7.63
1000.6400	1018.6000	0.762800	4619.2600	161.7600	0.300	0.000	7.63
1003.0300	1020.8000	0.824600	4619.2600	61.7300	0.300	0.000	7.63
1005.5800	1023.0500	0.917100	4619.2600	92.5900	0.300	0.000	7.63
1008.2900	1025.4400	1.045900	4619.2600	128.7700	0.300	0.000	7.63
1011.1100	1028.0800	1.059800	-560.0000	13.8300	0.300	0.000	7.63
1013.9600	1030.9700	1.059800	-560.0000	0.0000	0.300	0.000	7.63
1016.8700	1034.0200	0.940600	-560.0000	-119.1900	0.300	0.000	7.63
1019.7800	1037.0300	0.757500	-560.0000	-183.0500	0.300	0.000	7.63
1022.6300	1040.0200	0.656400	-560.0000	-101.1000	0.300	0.000	7.63
1025.4200	1043.0100	0.663900	-560.0000	7.4500	0.300	0.000	7.63
1028.0800	1046.0000	0.753300	-560.0000	89.3900	0.300	0.000	7.63
1030.6700	1049.0600	0.753300	-560.0000	0.0000	0.300	0.000	7.63
1033.1800	1052.0700	0.826700	-560.0000	73.4300	0.300	0.000	7.63
1035.6700	1054.9800	0.769200	-560.0000	-57.4700	0.300	0.000	7.63
1038.1900	1057.6700	0.579800	-1423.1100	-189.4300	0.300	0.000	7.63
1040.6600	1060.1800	0.381800	-1423.1100	-197.9500	0.300	0.000	7.63
1043.1500	1062.6000	0.362700	-1423.1100	-19.1600	0.300	0.000	7.63
1045.6900	1064.9300	0.362700	-1423.1100	0.0000	0.300	0.000	7.63
1048.2400	1067.1800	0.480800	-1423.1100	118.1300	0.300	0.000	7.63
1050.8300	1069.5400	0.590400	-1423.1100	109.6200	0.300	0.000	7.63
1053.4000	1072.0500	0.673400	-1423.1100	83.0100	0.300	0.000	7.63
1055.9600	1074.6400	0.727700	-1423.1100	54.2800	0.300	0.000	7.63
1058.5500	1077.3900	0.783100	-1423.1100	55.3400	0.300	0.000	7.63
1061.1200	1080.2200	0.783100	-1423.1100	0.0000	0.300	0.000	7.63
1063.6700	1083.1200	0.893700	546.7200	110.6800	0.300	0.000	7.63
1066.1900	1085.9700	0.985300	546.7200	91.5200	0.300	0.000	7.63
1068.6600	1088.7600	0.962900	546.7200	-22.3500	0.300	0.000	7.63
1071.1100	1091.5100	0.841600	546.7200	-121.3200	0.300	0.000	7.63
1073.5200	1094.1400	0.734100	546.7200	-107.4900	0.300	0.000	7.63
1075.9200	1096.5600	0.734100	546.7200	0.0000	0.300	0.000	7.63
1078.3100	1098.8300	0.753300	546.7200	19.1600	0.300	0.000	7.63
1080.6600	1100.9800	0.884200	546.7200	130.9000	0.300	0.000	7.63
1083.0800	1103.1200	1.057600	546.7200	173.4700	0.300	0.000	7.63
1085.6700	1105.3500	1.312000	1199.1400	254.3500	0.300	0.000	7.63
1088.3600	1107.8600	1.497100	1199.1400	185.1800	0.300	0.000	7.63
1091.1300	1110.7000	1.497100	1199.1400	0.0000	0.300	0.000	7.63
1093.9400	1113.7500	1.334300	1199.1400	-162.8300	0.300	0.000	7.63
1096.7800	1116.8200	0.811800	1199.1400	-522.5300	0.300	0.000	7.63
1099.5900	1119.8100	0.384000	1199.1400	-427.8200	0.300	0.000	7.63
1102.4600	1122.7800	0.467000	1199.1400	83.0100	0.300	0.000	7.63
1105.2500	1125.7500	0.780900	1199.1400	313.9500	0.300	0.000	7.63
1107.9400	1128.7000	0.780900	1199.1400	0.0000	0.300	0.000	7.63
1110.6200	1131.6500	0.990600	1199.1400	209.6500	0.300	0.000	7.63
1113.2700	1134.5900	0.992700	-472.0100	2.1300	0.300	0.000	7.63
1115.8800	1137.4400	0.779900	-472.0100	-212.8500	0.300	0.000	7.63
1118.4900	1140.1900	0.569100	-472.0100	-210.7200	0.300	0.000	7.63
1121.1300	1142.8800	0.569100	-472.0100	0.0000	0.300	0.000	7.63
1123.8200	1145.4900	0.530800	-472.0100	-38.3100	0.300	0.000	7.63
1126.5500	1147.9100	0.728800	-472.0100	197.9500	0.300	0.000	7.63
1129.2000	1150.1600	1.018200	-472.0100	289.4700	0.300	0.000	7.63
1131.8100	1152.3700	1.256600	-472.0100	238.3900	0.300	0.000	7.63
1134.3900	1154.8500	1.446100	-472.0100	189.4300	0.300	0.000	7.63
1137.0400	1157.6600	1.446100	-472.0100	0.0000	0.300	0.000	7.63
1139.7300	1160.7300	1.392900	856.7700	-53.2100	0.300	0.000	7.63
1142.4600	1163.8800	1.035300	856.7700	-357.5800	0.300	0.000	7.63
1145.1600	1166.9900	0.673400	856.7700	-361.8400	0.300	0.000	7.63
1147.8500	1170.0000	0.460600	856.7700	-212.8500	0.300	0.000	7.63
1150.4400	1172.8700	0.485100	856.7700	24.4800	0.300	0.000	7.63
1152.9500	1175.6300	0.485100	856.7700	0.0000	0.300	0.000	7.63
1155.4300	1178.2200	0.710700	856.7700	225.6200	0.300	0.000	7.63
1157.8400	1180.5900	0.900100	856.7700	189.4300	0.300	0.000	7.63
1160.2500	1182.8100	1.092700	856.7700	192.6200	0.300	0.000	7.63
1162.7200	1185.0200	1.247100	2685.9400	154.3100	0.300	0.000	7.63
1165.2600	1187.2700	1.262000	2685.9400	14.9000	0.300	0.000	7.63
1167.8700	1189.6800	1.262000	2685.9400	0.0000	0.300	0.000	7.63
1170.5800	1192.3400	1.304500	2685.9400	42.5700	0.300	0.000	7.63
1173.3900	1195.3100	1.365200	2685.9400	60.6600	0.300	0.000	7.63
1176.2400	1198.4800	1.171500	2685.9400	-193.6900	0.300	0.000	7.63
1179.1200	1201.6500	0.853300	2685.9400	-318.2000	0.300	0.000	7.63
1182.0700	1204.7600	0.777700	2685.9400	-75.5600	0.300	0.000	7.63
1185.0200	1207.8300	0.777700	2685.9400	0.0000	0.300	0.000	7.63
1187.9300	1210.8400	0.921400	2685.9400	143.6700	0.300	0.000	7.63
1190.7600	1213.7700	1.074700	889.6900	153.2500	0.300	0.000	7.63
1193.4900	1216.6500	1.147000	889.6900	72.3700	0.300	0.000	7.63
1196.1300	1219.5200	1.115100	889.6900	-31.9300	0.300	0.000	7.63
1198.7400	1222.3900	1.030000	889.6900	-85.1400	0.300	0.000	7.63
1201.3700	1225.1400	1.030000	889.6900	0.0000	0.300	0.000	7.63
1204.0200	1227.6700	0.967200	889.6900	-62.7900	0.300	0.000	7.63
1206.7000	1230.0100	0.966100	889.6900	-1.0600	0.300	0.000	7.63
1209.3700	1232.3000	1.025700	889.6900	59.6000	0.300	0.000	7.63
1212.0600	1234.6700	1.069300	889.6900	43.6300	0.300	0.000	7.63
1214.7700	1237.2700	0.977800	-491.1600	-91.5200	0.300	0.000	7.63
1217.4600	1240.0600	0.977800	-491.1600	0.0000	0.300	0.000	7.63
1220.2000	1243.1300	0.819200	-491.1600	-158.5700	0.300	0.000	7.63
1222.9100	1246.2800	0.705400	-491.1600	-113.8700	0.300	0.000	7.63
1225.5800	1249.4300	0.585100	-491.1600	-120.2600	0.300	0.000	7.63
1228.2300	1252.4600	0.537200	-491.1600	-47.8900	0.300	0.000	7.63
1230.8200	1255.2500	0.511700	-491.1600	-25.5400	0.300	0.000	7.63
1233.3600	1257.8300	0.511700	-491.1600	0.0000	0.300	0.000	7.63
1235.8100	1260.2400	0.399900	-491.1600	-111.7400	0.300	0.000	7.63
1238.2800	1262.5900	0.264800	-491.1600	-135.1600	0.300	0.000	7.63
1240.8200	1264.9700	0.193500	-893.9900	-71.3000	0.300	0.000	7.63
1243.3500	1267.3600	0.231800	-893.9900	38.3100	0.300	0.000	7.63
1245.8600	1269.7700	0.348800	-893.9900	117.0600	0.300	0.000	7.63
1248.4300	1272.2800	0.348800	-893.9900	0.0000	0.300	0.000	7.63
1251.0900	1274.9800	0.529800	-893.9900	180.9200	0.300	0.000	7.63
1253.9000	1277.8700	0.646800	-893.9900	117.0600	0.300	0.000	7.63
1256.8100	1280.8800	0.613800	-893.9900	-32.9900	0.300	0.000	7.63
1259.7800	1283.9500	0.518100	-893.9900	-95.7800	0.300	0.000	7.63
1262.8100	1287.0600	0.486100	-893.9900	-31.9300	0.300	0.000	7.63
1265.8600	1290.2100	0.486100	-893.9900	0.0000	0.300	0.000	7.63
1268.8300	1293.2400	0.538300	-376.8400	52.1500	0.300	0.000	7.63
1271.7100	1296.1700	0.623400	-376.8400	85.1400	0.300	0.000	7.63
1274.5000	1299.0500	0.702200	-376.8400	78.7500	0.300	0.000	7.63
1277.1700	1301.8200	0.702200	-376.8400	0.0000	0.300	0.000	7.63
1279.7200	1304.4100	0.634100	-376.8400	-68.1100	0.300	0.000	7.63
1282.2700	1306.9000	0.634100	-376.8400	0.0000	0.300	0.000	7.63
1284.9100	1309.3400	0.596800	-376.8400	-37.2500	0.300	0.000	7.63
1287.5800	1311.7500	0.680900	-376.8400	84.0700	0.300	0.000	7.63
1290.2900	1314.1800	0.801100	-376.8400	120.2600	0.300	0.000	7.63
1293.0400	1316.6900	0.744700	2852.3400	-56.4000	0.300	0.000	7.63
1295.8100	1319.3300	0.744700	2852.3400	0.0000	0.300	0.000	7.63
1298.5900	1322.1200	0.574500	2852.3400	-170.2800	0.300	0.000	7.63
1301.3600	1325.0900	0.547900	2852.3400	-26.6100	0.300	0.000	7.63
1304.1300	1328.2000	0.669200	2852.3400	121.3200	0.300	0.000	7.63
1306.8400	1331.3500	0.724500	2852.3400	55.3400	0.300	0.000	7.63
1309.5300	1334.4200	0.661700	2852.3400	-62.7900	0.300	0.000	7.63
1312.2700	1337.3700	0.661700	2852.3400	0.0000	0.300	0.000	7.63
1315.0000	1340.1100	0.581900	2852.3400	-79.8200	0.300	0.000	7.63
1317.6900	1342.5800	0.558500	2852.3400	-23.4100	0.300	0.000	7.63
1320.2800	1344.9300	0.539300	2677.5600	-19.1600	0.300	0.000	7.63
1322.8400	1347.3000	0.486100	2677.5600	-53.2100	0.300	0.000	7.63
1325.4100	1349.7800	0.539300	2677.5600	53.2100	0.300	0.000	7.63
1328.0600	1352.3300	0.539300	2677.5600	0.0000	0.300	0.000	7.63
1330.8300	1355.0800	0.711800	2677.5600	172.4000	0.300	0.000	7.63
1333.7000	1358.1300	0.836300	2677.5600	124.5100	0.300	0.000	7.63
1336.6400	1361.3000	0.746900	2677.5600	-89.3900	0.300	0.000	7.63
1339.6900	1364.4700	0.486100	2677.5600	-260.7400	0.300	0.000	7.63
1342.8000	1367.6900	0.332900	2677.5600	-153.2500	0.300	0.000	7.63
1345.8900	1371.0400	0.332900	2677.5600	0.0000	0.300	0.000	7.63
1348.9000	1374.5100	0.312700	-193.0900	-20.2200	0.300	0.000	7.63
1351.8300	1377.8400	0.269000	-193.0900	-43.6300	0.300	0.000	7.63
1354.6600	1380.8700	0.231800	-193.0900	-37.2500	0.300	0.000	7.63
1357.4200	1383.5600	0.341400	-193.0900	109.6200	0.300	0.000	7.63
1360.1700	1386.0300	0.506400	-193.0900	164.9500	0.300	0.000	7.63
1362.8600	1388.4400	0.506400	-193.0900	0.0000	0.300	0.000	7.63
1365.4900	1390.8600	0.562800	-193.0900	56.4000	0.300	0.000	7.63
1368.2200	1393.2700	0.562800	-193.0900	0.0000	0.300	0.000	7.63
1371.0000	1395.7400	0.547900	-193.0900	-14.9000	0.300	0.000	7.63
1373.8300	1398.3800	0.535100	181.0100	-12.7700	0.300	0.000	7.63
1376.7000	1401.1900	0.576600	181.0100	41.5000	0.300	0.000	7.63
1379.5700	1404.1000	0.576600	181.0100	0.0000	0.300	0.000	7.63
1382.4000	1407.1300	0.578700	181.0100	2.1300	0.300	0.000	7.63
1385.1300	1410.3000	0.521300	181.0100	-57.4700	0.300	0.000	7.63
1387.8300	1413.5500	0.481900	181.0100	-39.3800	0.300	0.000	7.63
1390.5400	1416.6400	0.431900	181.0100	-50.0200	0.300	0.000	7.63
1393.2700	1419.5500	0.326500	181.0100	-105.3600	0.300	0.000	7.63
1395.9800	1422.2500	0.326500	181.0100	0.0000	0.300	0.000	7.63
1398.6700	1424.6800	0.313700	181.0100	-12.7700	0.300	0.000	7.63
1401.3500	1426.9900	0.527600	1263.7900	213.9100	0.300	0.000	7.63
1403.9800	1429.3200	0.780900	1263.7900	253.2900	0.300	0.000	7.63
1406.5500	1431.7200	0.936300	1263.7900	155.3800	0.300	0.000	7.63
1409.1200	1434.3300	0.954400	1263.7900	18.0900	0.300	0.000	7.63
1411.7800	1437.2400	0.954400	1263.7900	0.0000	0.300	0.000	7.63
1414.5700	1440.4100	0.902200	1263.7900	-52.1500	0.300	0.000	7.63
1417.4600	1443.6400	0.783100	1263.7900	-119.1900	0.300	0.000	7.63
1420.5100	1446.7300	0.553200	1263.7900	-229.8700	0.300	0.000	7.63
1423.6000	1449.7500	0.428700	1263.7900	-124.5100	0.300	0.000	7.63
1426.6900	1452.8600	0.510600	-1242.3500	81.9500	0.300	0.000	7.63
1429.7400	1456.0500	0.510600	-1242.3500	0.0000	0.300	0.000	7.63
1432.7300	1459.2400	0.626600	-1242.3500	116.0000	0.300	0.000	7.63
1435.6500	1462.3700	0.631900	-1242.3500	5.3200	0.300	0.000	7.63
1438.4600	1465.3400	0.497800	-1242.3500	-134.0900	0.300	0.000	7.63
1441.1900	1468.0500	0.315900	-1242.3500	-181.9800	0.300	0.000	7.63
1443.9400	1470.4800	0.353100	-1242.3500	37.2500	0.300	0.000	7.63
1446.7300	1472.7600	0.353100	-1242.3500	0.0000	0.300	0.000	7.63
1449.5100	1475.0900	0.594700	-1242.3500	241.5800	0.300	0.000	7.63
1452.2800	1477.6000	0.739400	-1242.3500	144.7300	0.300	0.000	7.63
1455.0500	1480.3400	0.771300	-62.0000	31.9300	0.300	0.000	7.63
1457.8000	1483.2300	0.701100	-62.0000	-70.2400	0.300	0.000	7.63
1460.5900	1486.2000	0.522300	-62.0000	-178.7900	0.300	0.000	7.63
1463.4300	1489.2500	0.522300	-62.0000	0.0000	0.300	0.000	7.63
1466.2800	1492.4200	0.331800	-62.0000	-190.5000	0.300	0.000	7.63
1469.0700	1495.5900	0.298800	-62.0000	-32.9900	0.300	0.000	7.63
1471.8200	1498.6800	0.471200	-62.0000	172.4000	0.300	0.000	7.63
1474.5500	1501.5900	0.619200	-62.0000	147.9300	0.300	0.000	7.63
1477.2700	1504.2700	0.619200	-62.0000	0.0000	0.300	0.000	7.63
1479.9400	1506.7200	0.678800	-62.0000	59.6000	0.300	0.000	7.63
1482.5700	1509.0500	0.711800	2110.7300	32.9900	0.300	0.000	7.63
1485.1600	1511.3700	0.766000	2110.7300	54.2800	0.300	0.000	7.63
1487.7700	1513.7400	0.874600	2110.7300	108.5500	0.300	0.000	7.63
1490.4500	1516.3900	1.011900	2110.7300	137.2800	0.300	0.000	7.63
1493.2000	1519.4600	1.011900	2110.7300	0.0000	0.300	0.000	7.63
1496.0700	1522.7700	1.032100	2110.7300	20.2200	0.300	0.000	7.63
1499.0400	1526.1200	0.792600	2110.7300	-239.4500	0.300	0.000	7.63
1502.0500	1529.3300	0.481900	2110.7300	-310.7500	0.300	0.000	7.63
1505.1000	1532.4400	0.419100	2110.7300	-62.7900	0.300	0.000	7.63
1508.1300	1535.4900	0.554200	-257.1300	135.1600	0.300	0.000	7.63
1511.1100	1538.5700	0.554200	-257.1300	0.0000	0.300	0.000	7.63
1514.1000	1541.7000	0.636200	-257.1300	81.9500	0.300	0.000	7.63
1517.0700	1544.7900	0.641500	-257.1300	5.3200	0.300	0.000	7.63
1519.9800	1547.7600	0.563800	-257.1300	-77.6900	0.300	0.000	7.63
1522.8100	1550.5500	0.506400	-257.1300	-57.4700	0.300	0.000	7.63
1525.6000	1553.1400	0.647900	-257.1300	141.5400	0.300	0.000	7.63
1528.4200	1555.5800	0.647900	-257.1300	0.0000	0.300	0.000	7.63
1531.1900	1557.9700	0.883100	-257.1300	235.1900	0.300	0.000	7.63
1533.9800	1560.5000	1.034200	-257.1300	151.1200	0.300	0.000	7.63
1536.7900	1563.2900	1.066100	-973.0000	31.9300	0.300	0.000	7.63
1539.6600	1566.2500	1.062900	-973.0000	-3.1900	0.300	0.000	7.63
1542.5500	1569.2800	1.075700	-973.0000	12.7700	0.300	0.000	7.63
1545.4900	1572.4100	1.075700	-973.0000	0.0000	0.300	0.000	7.63
1548.3400	1575.5800	0.929900	-973.0000	-145.8000	0.300	0.000	7.63
1551.1300	1578.7100	0.687300	-973.0000	-242.6400	0.300	0.000	7.63
1553.9400	1581.7800	0.658500	-973.0000	-28.7300	0.300	0.000	7.63
1556.6900	1584.6500	0.824600	-973.0000	166.0200	0.300	0.000	7.63
1559.3100	1587.2400	0.952300	-973.0000	127.7100	0.300	0.000	7.63
1561.9200	1589.7000	0.952300	-973.0000	0.0000	0.300	0.000	7.63
1564.5300	1592.0700	0.926700	792.1300	-25.5400	0.300	0.000	7.63
1567.0600	1594.4400	0.934200	792.1300	7.4500	0.300	0.000	7.63
1569.6400	1596.9200	1.082100	792.1300	147.9300	0.300	0.000	7.63
1572.3100	1599.6500	1.109800	792.1300	27.6700	0.300	0.000	7.63
1575.1600	1602.7000	0.987400	792.1300	-122.3900	0.300	0.000	7.63
1578.1700	1606.0100	0.987400	792.1300	0.0000	0.300	0.000	7.63
1581.2000	1609.3600	0.807500	792.1300	-179.8500	0.300	0.000	7.63
1584.2900	1612.6500	0.535100	792.1300	-272.4400	0.300	0.000	7.63
1587.4000	1615.8400	0.364800	792.1300	-170.2800	0.300	0.000	7.63
1590.4900	1618.9700	0.408400	-460.6400	43.6300	0.300	0.000	7.63
1593.5300	1622.0400	0.531900	-460.6400	123.4500	0.300	0.000	7.63
1596.5000	1625.0900	0.531900	-460.6400	0.0000	0.300	0.000	7.63
1599.3700	1628.1400	0.557400	-460.6400	25.5400	0.300	0.000	7.63
1602.1600	1631.0800	0.487200	-460.6400	-70.2400	0.300	0.000	7.63
1604.8700	1633.8300	0.387200	-460.6400	-100.0400	0.300	0.000	7.63
1607.6000	1636.4200	0.356300	-460.6400	-30.8600	0.300	0.000	7.63
1610.3600	1638.9100	0.563800	-460.6400	207.5200	0.300	0.000	7.63
1613.1100	1641.4100	0.563800	-460.6400	0.0000	0.300	0.000	7.63
1615.8800	1644.0200	0.922500	-460.6400	358.6400	0.300	0.000	7.63
1618.7900	1646.7700	1.127900	632.3100	205.4000	0.300	0.000	7.63
1621.7800	1649.7600	1.035300	632.3100	-92.5900	0.300	0.000	7.63
1624.8100	1652.9700	0.933100	632.3100	-102.1700	0.300	0.000	7.63
1627.8500	1656.2600	0.993800	632.3100	60.6600	0.300	0.000	7.63
1630.8400	1659.4900	0.993800	632.3100	0.0000	0.300	0.000	7.63
1633.7500	1662.5800	1.095900	632.3100	102.1700	0.300	0.000	7.63
1636.6000	1665.5700	1.107600	632.3100	11.7100	0.300	0.000	7.63
1639.4100	1668.4500	0.970400	632.3100	-137.2800	0.300	0.000	7.63
1642.1400	1671.1200	0.874600	632.3100	-95.7800	0.300	0.000	7.63
1644.8800	1673.5900	0.879900	888.4900	5.3200	0.300	0.000	7.63
1647.5900	1675.9800	0.879900	888.4900	0.0000	0.300	0.000	7.63
1650.3000	1678.4000	0.985300	888.4900	105.3600	0.300	0.000	7.63
1653.0100	1680.9900	1.217300	888.4900	232.0000	0.300	0.000	7.63
1655.7800	1683.9200	1.272600	888.4900	55.3400	0.300	0.000	7.63
1658.6000	1687.1700	1.071500	888.4900	-201.1400	0.300	0.000	7.63
1661.4900	1690.6000	1.071500	888.4900	0.0000	0.300	0.000	7.63
1664.4200	1694.0700	0.786200	888.4900	-285.2100	0.300	0.000	7.63
1667.3700	1697.5000	0.510600	888.4900	-275.6300	0.300	0.000	7.63
1670.4000	1700.8700	0.313700	888.4900	-196.8800	0.300	0.000	7.63
1673.5700	1704.1400	0.264800	870.5400	-48.9500	0.300	0.000	7.63
1676.7800	1707.3300	0.371200	870.5400	106.4200	0.300	0.000	7.63
1679.8700	1710.3200	0.371200	870.5400	0.0000	0.300	0.000	7.63
1682.8600	1713.1000	0.553200	870.5400	181.9800	0.300	0.000	7.63
1685.7200	1715.6900	0.708600	870.5400	155.3800	0.300	0.000	7.63
1688.5100	1718.2400	0.786200	870.5400	77.6900	0.300	0.000	7.63
1691.2600	1720.7900	0.813900	870.5400	27.6700	0.300	0.000	7.63
1694.0900	1723.3900	0.808600	870.5400	-5.3200	0.300	0.000	7.63
1696.9400	1726.1000	0.808600	870.5400	0.0000	0.300	0.000	7.63
1699.8100	1728.9700	0.818200	870.5400	9.5800	0.300	0.000	7.63
1702.7900	1732.0600	0.836300	-965.2200	18.0900	0.300	0.000	7.63
1705.8200	1735.3300	0.770300	-965.2200	-65.9800	0.300	0.000	7.63
1708.7900	1738.6200	0.610600	-965.2200	-159.6300	0.300	0.000	7.63
1711.6600	1741.9100	0.475500	-965.2200	-135.1600	0.300	0.000	7.63
1714.4900	1745.1200	0.475500	-965.2200	0.0000	0.300	0.000	7.63
1717.3000	1748.0900	0.415900	-965.2200	-59.6000	0.300	0.000	7.63
1720.1000	1750.8100	0.442500	-965.2200	26.6100	0.300	0.000	7.63
1722.8700	1753.3400	0.508500	-965.2200	65.9800	0.300	0.000	7.63
1725.6200	1755.7700	0.538300	-965.2200	29.8000	0.300	0.000	7.63
1728.3700	1758.1600	0.601100	453.9500	62.7900	0.300	0.000	7.63
1731.0200	1760.6400	0.601100	453.9500	0.0000	0.300	0.000	7.63
1733.6400	1763.4100	0.728800	453.9500	127.7100	0.300	0.000	7.63
1736.3300	1766.5400	0.828800	453.9500	100.0400	0.300	0.000	7.63
1739.2200	1769.8700	0.861800	453.9500	32.9900	0.300	0.000	7.63
1742.3500	1773.2200	0.765000	453.9500	-96.8400	0.300	0.000	7.63
1745.6000	1776.5900	0.502100	453.9500	-262.8600	0.300	0.000	7.63
1748.8300	1779.9600	0.502100	453.9500	0.0000	0.300	0.000	7.63
1752.0600	1783.2700	0.273300	453.9500	-228.8100	0.300	0.000	7.63
1755.2500	1786.5400	0.248800	453.9500	-24.4800	0.300	0.000	7.63
1758.3800	1789.7100	0.444600	-357.6900	195.8200	0.300	0.000	7.63
1761.4000	1792.6400	0.671300	-357.6900	226.6800	0.300	0.000	7.63
1764.2900	1795.3400	0.641500	-357.6900	-29.8000	0.300	0.000	7.63
1767.1600	1797.8700	0.641500	-357.6900	0.0000	0.300	0.000	7.63
1770.0100	1800.4200	0.505300	-357.6900	-136.2200	0.300	0.000	7.63
1772.8000	1803.0700	0.536200	-357.6900	30.8600	0.300	0.000	7.63
1775.6100	1805.9100	0.579800	-357.6900	43.6300	0.300	0.000	7.63
1778.5100	1808.8000	0.536200	-357.6900	-43.6300	0.300	0.000	7.63
1781.5000	1811.6900	0.509500	-357.6900	-26.6100	0.300	0.000	7.63
1784.5700	1814.6800	0.509500	-357.6900	0.0000	0.300	0.000	7.63
1787.7200	1817.8700	0.555300	-107.4900	45.7600	0.300	0.000	7.63
1790.8500	1821.1400	0.625500	-107.4900	70.2400	0.300	0.000	7.63
1793.9400	1824.4500	0.557400	-107.4900	-68.1100	0.300	0.000	7.63
1796.9700	1827.6600	0.373300	-107.4900	-184.1100	0.300	0.000	7.63
1799.9000	1830.6900	0.346700	-107.4900	-26.6100	0.300	0.000	7.63
1802.7300	1833.5200	0.346700	-107.4900	0.0000	0.300	0.000	7.63
1805.4700	1836.1600	0.388200	-107.4900	41.5000	0.300	0.000	7.63
1808.1200	1838.7700	0.210500	-107.4900	-177.7300	0.300	0.000	7.63
1810.7500	1841.4400	0.092400	-107.4900	-118.1300	0.300	0.000	7.63
1813.4000	1844.2700	0.338200	2202.9100	245.8400	0.300	0.000	7.63
1816.0800	1847.2600	0.613800	2202.9100	275.6300	0.300	0.000	7.63
1818.9300	1850.4500	0.613800	2202.9100	0.0000	0.300	0.000	7.63
1821.9200	1853.7900	0.602100	2202.9100	-11.7100	0.300	0.000	7.63
1825.0700	1857.2000	0.412700	2202.9100	-189.4300	0.300	0.000	7.63
1828.2800	1860.7000	0.229700	2202.9100	-183.0500	0.300	0.000	7.63
1831.5100	1864.2100	0.227500	2202.9100	-2.1300	0.300	0.000	7.63
1834.7200	1867.6400	0.380800	2202.9100	153.2500	0.300	0.000	7.63
1837.8700	1870.9400	0.380800	2202.9100	0.0000	0.300	0.000	7.63
1840.9400	1873.9500	0.490400	2202.9100	109.6200	0.300	0.000	7.63
1843.9300	1876.6400	0.518100	1023.1700	27.6700	0.300	0.000	7.63
1846.8300	1879.0700	0.570200	1023.1700	52.1500	0.300	0.000	7.63
1849.6400	1881.4200	0.649000	1023.1700	78.7500	0.300	0.000	7.63
1852.4500	1883.9200	0.649000	1023.1700	0.0000	0.300	0.000	7.63
1855.2000	1886.6300	0.664900	1023.1700	15.9600	0.300	0.000	7.63
1857.9300	1889.6000	0.633000	1023.1700	-31.9300	0.300	0.000	7.63
1860.7200	1892.7300	0.556400	1023.1700	-76.6200	0.300	0.000	7.63
1863.5800	1895.9200	0.308400	1023.1700	-247.9600	0.300	0.000	7.63
1866.4700	1899.2100	0.069000	1023.1700	-239.4500	0.300	0.000	7.63
1869.4400	1902.6200	0.069000	1023.1700	0.0000	0.300	0.000	7.63
1872.4500	1906.0700	0.092400	-584.5400	23.4100	0.300	0.000	7.63
1875.4600	1909.3200	0.264800	-584.5400	172.4000	0.300	0.000	7.63
1878.4500	1912.2100	0.456300	-584.5400	191.5600	0.300	0.000	7.63
1881.4200	1914.8300	0.638300	-584.5400	181.9800	0.300	0.000	7.63
1884.3400	1917.2800	0.788400	-584.5400	150.0600	0.300	0.000	7.63
1887.1900	1919.7100	0.788400	-584.5400	0.0000	0.300	0.000	7.63
1889.9600	1922.1900	0.859700	-584.5400	71.3000	0.300	0.000	7.63
1892.6900	1924.9200	0.857500	-584.5400	-2.1300	0.300	0.000	7.63
1895.4000	1927.9900	0.808600	-584.5400	-48.9500	0.300	0.000	7.63
1898.1400	1931.3600	0.710700	837.0200	-97.9100	0.300	0.000	7.63
1900.9500	1934.8500	0.493600	837.0200	-217.1000	0.300	0.000	7.63
1903.9000	1938.3400	0.493600	837.0200	0.0000	0.300	0.000	7.63
1906.9300	1941.7700	0.242400	837.0200	-251.1600	0.300	0.000	7.63
1910.0200	1945.2400	0.196700	837.0200	-45.7600	0.300	0.000	7.63
1913.1700	1948.6500	0.274400	837.0200	77.6900	0.300	0.000	7.63
1916.3600	1951.9400	0.328600	837.0200	54.2800	0.300	0.000	7.63
1919.5700	1955.0100	0.482900	837.0200	154.3100	0.300	0.000	7.63
1922.7400	1957.7800	0.482900	837.0200	0.0000	0.300	0.000	7.63
1925.8900	1960.2700	0.724500	837.0200	241.5800	0.300	0.000	7.63
1928.9700	1962.5900	0.837300	933.9800	112.8100	0.300	0.000	7.63
1931.9400	1964.9200	0.788400	933.9800	-48.9500	0.300	0.000	7.63
1934.7500	1967.5100	0.720300	933.9800	-68.1100	0.300	0.000	7.63
1937.5000	1970.4400	0.767100	933.9800	46.8300	0.300	0.000	7.63
1940.2300	1973.6000	0.767100	933.9800	0.0000	0.300	0.000	7.63
1943.0400	1976.8500	0.960800	933.9800	193.6900	0.300	0.000	7.63
1945.9600	1980.1600	1.144900	933.9800	184.1100	0.300	0.000	7.63
1949.0100	1983.5700	1.088500	933.9800	-56.4000	0.300	0.000	7.63
1952.0800	1986.9600	0.794800	933.9800	-293.7300	0.300	0.000	7.63
1955.0700	1990.1900	0.585100	1403.2500	-209.6500	0.300	0.000	7.63
1957.9800	1993.2200	0.585100	1403.2500	0.0000	0.300	0.000	7.63
1960.9100	1996.0900	0.572300	1403.2500	-12.7700	0.300	0.000	7.63
1963.8000	1998.7800	0.607500	1403.2500	35.1200	0.300	0.000	7.63
1966.6800	2001.3700	0.706400	1403.2500	98.9700	0.300	0.000	7.63
1969.5100	2003.9700	0.806500	1403.2500	100.0400	0.300	0.000	7.63
1972.3000	2006.6800	0.784100	1403.2500	-22.3500	0.300	0.000	7.63
1975.0900	2009.5900	0.784100	1403.2500	0.0000	0.300	0.000	7.63
1977.8400	2012.7400	0.695800	1403.2500	-88.3300	0.300	0.000	7.63
1980.6100	2016.1500	0.630900	1403.2500	-64.9200	0.300	0.000	7.63
1983.4100	2019.6800	0.674500	-1178.3000	43.6300	0.300	0.000	7.63
1986.3400	2023.2100	0.787300	-1178.3000	112.8100	0.300	0.000	7.63
1989.4500	2026.5400	0.811800	-1178.3000	24.4800	0.300	0.000	7.63
1992.7200	2029.7500	0.811800	-1178.3000	0.0000	0.300	0.000	7.63
1996.0500	2032.9200	0.740500	-1178.3000	-71.3000	0.300	0.000	7.63
1999.4000	2036.0900	0.679800	-1178.3000	-60.6600	0.300	0.000	7.63
2002.7100	2039.2200	0.689400	-1178.3000	9.5800	0.300	0.000	7.63
2005.9200	2042.1000	0.751100	-1178.3000	61.7300	0.300	0.000	7.63
2009.0500	2044.6700	0.804300	-1178.3000	53.2100	0.300	0.000	7.63
2012.0800	2047.1200	0.804300	-1178.3000	0.0000	0.300	0.000	7.63
2014.9700	2049.5900	0.927800	-400.1800	123.4500	0.300	0.000	7.63
2017.7500	2052.2900	1.100200	-400.1800	172.4000	0.300	0.000	7.63
2020.5200	2055.2600	1.106600	-400.1800	6.3900	0.300	0.000	7.63
2023.3300	2058.4900	0.943800	-400.1800	-162.8300	0.300	0.000	7.63
2026.2000	2061.8400	0.766000	-400.1800	-177.7300	0.300	0.000	7.63
2029.1700	2065.2900	0.766000	-400.1800	0.0000	0.300	0.000	7.63
2032.1400	2068.6400	0.670200	-400.1800	-95.7800	0.300	0.000	7.63
2035.1200	2071.7900	0.570200	-400.1800	-100.0400	0.300	0.000	7.63
2038.0900	2074.7000	0.616000	-400.1800	45.7600	0.300	0.000	7.63
2041.0800	2077.4900	0.900100	1927.5800	284.1500	0.300	0.000	7.63
2044.0700	2080.1400	0.900100	1927.5800	0.0000	0.300	0.000	7.63
2047.0400	2082.8000	1.107600	1927.5800	207.5200	0.300	0.000	7.63
2049.9700	2085.4500	1.085300	1927.5800	-22.3500	0.300	0.000	7.63
2052.8000	2088.2400	0.982100	1927.5800	-103.2300	0.300	0.000	7.63
2055.5600	2091.2500	0.916100	1927.5800	-65.9800	0.300	0.000	7.63
2058.2900	2094.5600	0.849000	1927.5800	-67.0500	0.300	0.000	7.63
2061.0600	2098.0100	0.849000	1927.5800	0.0000	0.300	0.000	7.63
2063.9300	2101.4600	0.776700	1927.5800	-72.3700	0.300	0.000	7.63
2066.9800	2104.8900	0.738400	1927.5800	-38.3100	0.300	0.000	7.63
2070.1300	2108.3200	0.717100	-1202.8400	-21.2800	0.300	0.000	7.63
2073.3200	2111.7100	0.661700	-1202.8400	-55.3400	0.300	0.000	7.63
2076.5500	2115.0600	0.563800	-1202.8400	-97.9100	0.300	0.000	7.63
2079.8000	2118.3100	0.563800	-1202.8400	0.0000	0.300	0.000	7.63
2083.0800	2121.3400	0.459500	-1202.8400	-104.2900	0.300	0.000	7.63
2086.2700	2124.1400	0.494600	-1202.8400	35.1200	0.300	0.000	7.63
2089.3800	2126.6900	0.644700	-1202.8400	150.0600	0.300	0.000	7.63
2092.4100	2129.1600	0.841600	-1202.8400	196.8800	0.300	0.000	7.63
2095.3800	2131.6300	1.047000	-1202.8400	205.4000	0.300	0.000	7.63
2098.2500	2134.2700	1.047000	-1202.8400	0.0000	0.300	0.000	7.63
2101.0600	2137.1600	1.121500	-746.7500	74.5000	0.300	0.000	7.63
2103.8700	2140.3300	1.043800	-746.7500	-77.6900	0.300	0.000	7.63
2106.8500	2143.7000	0.886300	-746.7500	-157.5100	0.300	0.000	7.63
2109.9200	2147.1300	0.849000	-746.7500	-37.2500	0.300	0.000	7.63
2112.9900	2150.5200	0.944800	-746.7500	95.7800	0.300	0.000	7.63
2116.0400	2153.7900	0.944800	-746.7500	0.0000	0.300	0.000	7.63
2119.0500	2156.8200	0.839500	-746.7500	-105.3600	0.300	0.000	7.63
