# SYSID BEGIN dir=1 duty=0.200 samples=1000 dt=0.001 vbat=7.40
# enc[0]	enc[1]	gyro.z	accel.y	angular_accel	u.tra	u.rot	vbat
0	0	-0.0188	0.0000	0.0000	0.000	0.200	7.40
0	0	0.0123	0.0000	0.0000	0.000	0.200	7.40
0	0	0.0038	0.0000	0.0000	0.000	0.200	7.40
0	0	-0.0001	0.0000	0.0000	0.000	0.200	7.40
0	0	0.0021	0.0000	0.0000	0.000	0.200	7.40
0	0	0.0081	0.0000	0.0000	0.000	0.200	7.40
0	0	0.0045	0.0000	0.0000	0.000	0.200	7.40
0	0	0.0014	0.0000	0.0000	0.000	0.200	7.40
0	0	-0.0004	0.0000	0.0000	0.000	0.200	7.40
0	0	0.0293	0.0000	0.0000	0.000	0.200	7.40
0	0	0.0006	0.0000	0.0000	0.000	0.200	7.40
0	0	0.0067	0.0000	0.0000	0.000	0.200	7.40
0	0	0.0087	0.0000	0.0000	0.000	0.200	7.40
0	0	0.0219	0.0000	0.0000	0.000	0.200	7.40
0	0	0.0135	0.0000	0.0000	0.000	0.200	7.40
0	0	0.0228	0.0000	0.0000	0.000	0.200	7.40
0	0	0.0265	0.0000	0.0000	0.000	0.200	7.40
0	0	0.0353	0.0000	0.0000	0.000	0.200	7.40
0	0	0.0438	0.0000	0.0000	0.000	0.200	7.40
0	0	0.0277	0.0000	0.0000	0.000	0.200	7.40
0	0	0.0200	0.0000	0.0000	0.000	0.200	7.40
0	0	0.0458	0.0000	0.0000	0.000	0.200	7.40
0	0	0.0361	0.0000	0.0000	0.000	0.200	7.40
0	0	0.0481	0.0000	0.0000	0.000	0.200	7.40
0	0	0.0572	0.0000	0.0000	0.000	0.200	7.40
0	0	0.0406	0.0000	0.0000	0.000	0.200	7.40
0	0	0.0426	0.0000	0.0000	0.000	0.200	7.40
0	0	0.0362	0.0000	0.0000	0.000	0.200	7.40
0	0	0.0354	0.0000	0.0000	0.000	0.200	7.40
0	0	0.0490	0.0000	0.0000	0.000	0.200	7.40
0	0	0.0391	0.0000	0.0000	0.000	0.200	7.40
0	0	0.0191	0.0000	0.0000	0.000	0.200	7.40
0	0	0.0425	0.0000	0.0000	0.000	0.200	7.40
0	0	0.0455	0.0000	0.0000	0.000	0.200	7.40
0	0	0.0522	0.0000	0.0000	0.000	0.200	7.40
0	0	0.0385	0.0000	0.0000	0.000	0.200	7.40
0	0	0.0553	0.0000	0.0000	0.000	0.200	7.40
0	0	0.0524	0.0000	0.0000	0.000	0.200	7.40
0	0	0.0489	0.0000	0.0000	0.000	0.200	7.40
0	0	0.0752	0.0000	0.0000	0.000	0.200	7.40
0	0	0.0845	0.0000	0.0000	0.000	0.200	7.40
0	0	0.0678	0.0000	0.0000	0.000	0.200	7.40
0	0	0.0625	0.0000	0.0000	0.000	0.200	7.40
0	0	0.0379	0.0000	0.0000	0.000	0.200	7.40
0	0	0.0699	0.0000	0.0000	0.000	0.200	7.40
0	0	0.0872	0.0000	0.0000	0.000	0.200	7.40
0	0	0.0560	0.0000	0.0000	0.000	0.200	7.40
0	0	0.0611	0.0000	0.0000	0.000	0.200	7.40
0	0	0.0757	0.0000	0.0000	0.000	0.200	7.40
0	0	0.0650	0.0000	0.0000	0.000	0.200	7.40
0	0	0.0702	0.0000	0.0000	0.000	0.200	7.40
0	0	0.0858	0.0000	0.0000	0.000	0.200	7.40
0	0	0.0757	0.0000	0.0000	0.000	0.200	7.40
0	0	0.0741	0.0000	0.0000	0.000	0.200	7.40
0	0	0.0759	0.0000	0.0000	0.000	0.200	7.40
0	0	0.0898	0.0000	0.0000	0.000	0.200	7.40
0	0	0.0777	0.0000	0.0000	0.000	0.200	7.40
0	0	0.0780	0.0000	0.0000	0.000	0.200	7.40
0	0	0.0647	0.0000	0.0000	0.000	0.200	7.40
0	0	0.0855	0.0000	0.0000	0.000	0.200	7.40
0	0	0.0976	0.0000	0.0000	0.000	0.200	7.40
0	0	0.0813	0.0000	0.0000	0.000	0.200	7.40
0	0	0.0780	0.0000	0.0000	0.000	0.200	7.40
0	0	0.0878	0.0000	0.0000	0.000	0.200	7.40
0	0	0.0866	0.0000	0.0000	0.000	0.200	7.40
0	0	0.0910	0.0000	0.0000	0.000	0.200	7.40
0	0	0.0948	0.0000	0.0000	0.000	0.200	7.40
0	0	0.0808	0.0000	0.0000	0.000	0.200	7.40
0	0	0.1026	0.0000	0.0000	0.000	0.200	7.40
0	0	0.0813	0.0000	0.0000	0.000	0.200	7.40
0	0	0.0984	0.0000	0.0000	0.000	0.200	7.40
0	0	0.1022	0.0000	0.0000	0.000	0.200	7.40
0	0	0.0951	0.0000	0.0000	0.000	0.200	7.40
0	0	0.1050	0.0000	0.0000	0.000	0.200	7.40
0	0	0.1209	0.0000	0.0000	0.000	0.200	7.40
0	0	0.0889	0.0000	0.0000	0.000	0.200	7.40
0	0	0.1088	0.0000	0.0000	0.000	0.200	7.40
0	0	0.1025	0.0000	0.0000	0.000	0.200	7.40
0	0	0.0888	0.0000	0.0000	0.000	0.200	7.40
0	0	0.1122	0.0000	0.0000	0.000	0.200	7.40
0	0	0.1276	0.0000	0.0000	0.000	0.200	7.40
0	0	0.0939	0.0000	0.0000	0.000	0.200	7.40
0	0	0.1082	0.0000	0.0000	0.000	0.200	7.40
0	0	0.1176	0.0000	0.0000	0.000	0.200	7.40
0	0	0.1395	0.0000	0.0000	0.000	0.200	7.40
0	0	0.1044	0.0000	0.0000	0.000	0.200	7.40
0	0	0.1087	0.0000	0.0000	0.000	0.200	7.40
0	0	0.0967	0.0000	0.0000	0.000	0.200	7.40
0	0	0.1176	0.0000	0.0000	0.000	0.200	7.40
0	0	0.1132	0.0000	0.0000	0.000	0.200	7.40
0	0	0.1053	0.0000	0.0000	0.000	0.200	7.40
0	0	0.1271	0.0000	0.0000	0.000	0.200	7.40
0	0	0.1283	0.0000	0.0000	0.000	0.200	7.40
0	0	0.1240	0.0000	0.0000	0.000	0.200	7.40
0	0	0.1261	0.0000	0.0000	0.000	0.200	7.40
0	0	0.1330	0.0000	0.0000	0.000	0.200	7.40
0	0	0.1482	0.0000	0.0000	0.000	0.200	7.40
0	0	0.1275	0.0000	0.0000	0.000	0.200	7.40
0	0	0.1347	0.0000	0.0000	0.000	0.200	7.40
0	0	0.1203	0.0000	0.0000	0.000	0.200	7.40
0	0	0.1348	0.0000	0.0000	0.000	0.200	7.40
0	0	0.1208	0.0000	0.0000	0.000	0.200	7.40
0	0	0.1229	0.0000	0.0000	0.000	0.200	7.40
0	0	0.1456	0.0000	0.0000	0.000	0.200	7.40
0	0	0.1252	0.0000	0.0000	0.000	0.200	7.40
0	0	0.1300	0.0000	0.0000	0.000	0.200	7.40
0	0	0.1367	0.0000	0.0000	0.000	0.200	7.40
0	0	0.1341	0.0000	0.0000	0.000	0.200	7.40
0	0	0.1506	0.0000	0.0000	0.000	0.200	7.40
0	0	0.1184	0.0000	0.0000	0.000	0.200	7.40
0	0	0.1357	0.0000	0.0000	0.000	0.200	7.40
0	0	0.1645	0.0000	0.0000	0.000	0.200	7.40
0	0	0.1484	0.0000	0.0000	0.000	0.200	7.40
0	0	0.1437	0.0000	0.0000	0.000	0.200	7.40
0	0	0.1592	0.0000	0.0000	0.000	0.200	7.40
0	0	0.1516	0.0000	0.0000	0.000	0.200	7.40
0	0	0.1585	0.0000	0.0000	0.000	0.200	7.40
0	0	0.1453	0.0000	0.0000	0.000	0.200	7.40
0	0	0.1479	0.0000	0.0000	0.000	0.200	7.40
0	0	0.1588	0.0000	0.0000	0.000	0.200	7.40
0	0	0.1554	0.0000	0.0000	0.000	0.200	7.40
0	0	0.1686	0.0000	0.0000	0.000	0.200	7.40
0	0	0.1549	0.0000	0.0000	0.000	0.200	7.40
0	0	0.1548	0.0000	0.0000	0.000	0.200	7.40
0	0	0.1562	0.0000	0.0000	0.000	0.200	7.40
0	0	0.1686	0.0000	0.0000	0.000	0.200	7.40
0	0	0.1555	0.0000	0.0000	0.000	0.200	7.40
0	0	0.1788	0.0000	0.0000	0.000	0.200	7.40
0	0	0.1715	0.0000	0.0000	0.000	0.200	7.40
0	0	0.1752	0.0000	0.0000	0.000	0.200	7.40
0	0	0.1648	0.0000	0.0000	0.000	0.200	7.40
0	0	0.1454	0.0000	0.0000	0.000	0.200	7.40
0	0	0.1693	0.0000	0.0000	0.000	0.200	7.40
0	0	0.1512	0.0000	0.0000	0.000	0.200	7.40
0	0	0.1645	0.0000	0.0000	0.000	0.200	7.40
0	0	0.1689	0.0000	0.0000	0.000	0.200	7.40
0	0	0.1644	0.0000	0.0000	0.000	0.200	7.40
0	0	0.1827	0.0000	0.0000	0.000	0.200	7.40
0	0	0.1610	0.0000	0.0000	0.000	0.200	7.40
0	0	0.1695	0.0000	0.0000	0.000	0.200	7.40
0	0	0.1697	0.0000	0.0000	0.000	0.200	7.40
0	0	0.1785	0.0000	0.0000	0.000	0.200	7.40
0	0	0.1770	0.0000	0.0000	0.000	0.200	7.40
0	0	0.1812	0.0000	0.0000	0.000	0.200	7.40
0	0	0.1711	0.0000	0.0000	0.000	0.200	7.40
0	0	0.1761	0.0000	0.0000	0.000	0.200	7.40
0	0	0.1638	0.0000	0.0000	0.000	0.200	7.40
0	0	0.1766	0.0000	0.0000	0.000	0.200	7.40
0	0	0.1781	0.0000	0.0000	0.000	0.200	7.40
0	0	0.1968	0.0000	0.0000	0.000	0.200	7.40
0	0	0.1599	0.0000	0.0000	0.000	0.200	7.40
0	0	0.1563	0.0000	0.0000	0.000	0.200	7.40
0	0	0.1884	0.0000	0.0000	0.000	0.200	7.40
0	0	0.1826	0.0000	0.0000	0.000	0.200	7.40
0	0	0.1935	0.0000	0.0000	0.000	0.200	7.40
0	0	0.1915	0.0000	0.0000	0.000	0.200	7.40
0	0	0.1860	0.0000	0.0000	0.000	0.200	7.40
0	0	0.1945	0.0000	0.0000	0.000	0.200	7.40
0	0	0.1770	0.0000	0.0000	0.000	0.200	7.40
0	0	0.2007	0.0000	0.0000	0.000	0.200	7.40
0	0	0.2080	0.0000	0.0000	0.000	0.200	7.40
0	0	0.1896	0.0000	0.0000	0.000	0.200	7.40
0	0	0.1987	0.0000	0.0000	0.000	0.200	7.40
0	0	0.1816	0.0000	0.0000	0.000	0.200	7.40
0	0	0.1936	0.0000	0.0000	0.000	0.200	7.40
0	0	0.2012	0.0000	0.0000	0.000	0.200	7.40
0	0	0.2030	0.0000	0.0000	0.000	0.200	7.40
0	0	0.1829	0.0000	0.0000	0.000	0.200	7.40
0	0	0.1964	0.0000	0.0000	0.000	0.200	7.40
0	0	0.2036	0.0000	0.0000	0.000	0.200	7.40
0	0	0.2014	0.0000	0.0000	0.000	0.200	7.40
0	0	0.1981	0.0000	0.0000	0.000	0.200	7.40
0	0	0.2006	0.0000	0.0000	0.000	0.200	7.40
0	0	0.1972	0.0000	0.0000	0.000	0.200	7.40
0	0	0.2093	0.0000	0.0000	0.000	0.200	7.40
0	0	0.1939	0.0000	0.0000	0.000	0.200	7.40
0	0	0.2203	0.0000	0.0000	0.000	0.200	7.40
0	0	0.2045	0.0000	0.0000	0.000	0.200	7.40
0	0	0.2104	0.0000	0.0000	0.000	0.200	7.40
0	0	0.2145	0.0000	0.0000	0.000	0.200	7.40
0	0	0.1991	0.0000	0.0000	0.000	0.200	7.40
0	0	0.2406	0.0000	0.0000	0.000	0.200	7.40
0	0	0.1925	0.0000	0.0000	0.000	0.200	7.40
0	0	0.2043	0.0000	0.0000	0.000	0.200	7.40
0	0	0.2112	0.0000	0.0000	0.000	0.200	7.40
0	0	0.2024	0.0000	0.0000	0.000	0.200	7.40
0	0	0.2031	0.0000	0.0000	0.000	0.200	7.40
0	0	0.2248	0.0000	0.0000	0.000	0.200	7.40
0	0	0.2004	0.0000	0.0000	0.000	0.200	7.40
0	0	0.2098	0.0000	0.0000	0.000	0.200	7.40
0	0	0.1960	0.0000	0.0000	0.000	0.200	7.40
0	0	0.2035	0.0000	0.0000	0.000	0.200	7.40
0	0	0.2187	0.0000	0.0000	0.000	0.200	7.40
0	0	0.2280	0.0000	0.0000	0.000	0.200	7.40
0	0	0.2188	0.0000	0.0000	0.000	0.200	7.40
0	0	0.2376	0.0000	0.0000	0.000	0.200	7.40
0	0	0.2179	0.0000	0.0000	0.000	0.200	7.40
0	0	0.2259	0.0000	0.0000	0.000	0.200	7.40
0	0	0.2176	0.0000	0.0000	0.000	0.200	7.40
0	0	0.2186	0.0000	0.0000	0.000	0.200	7.40
0	0	0.2265	0.0000	0.0000	0.000	0.200	7.40
0	0	0.2254	0.0000	0.0000	0.000	0.200	7.40
0	0	0.2089	0.0000	0.0000	0.000	0.200	7.40
0	0	0.2145	0.0000	0.0000	0.000	0.200	7.40
0	0	0.2364	0.0000	0.0000	0.000	0.200	7.40
0	0	0.2361	0.0000	0.0000	0.000	0.200	7.40
0	0	0.2138	0.0000	0.0000	0.000	0.200	7.40
0	0	0.2303	0.0000	0.0000	0.000	0.200	7.40
0	0	0.2291	0.0000	0.0000	0.000	0.200	7.40
0	0	0.2406	0.0000	0.0000	0.000	0.200	7.40
0	0	0.2254	0.0000	0.0000	0.000	0.200	7.40
0	0	0.2269	0.0000	0.0000	0.000	0.200	7.40
0	0	0.2294	0.0000	0.0000	0.000	0.200	7.40
0	0	0.2451	0.0000	0.0000	0.000	0.200	7.40
0	0	0.2391	0.0000	0.0000	0.000	0.200	7.40
0	0	0.2507	0.0000	0.0000	0.000	0.200	7.40
0	0	0.2257	0.0000	0.0000	0.000	0.200	7.40
0	0	0.2282	0.0000	0.0000	0.000	0.200	7.40
0	0	0.2376	0.0000	0.0000	0.000	0.200	7.40
0	0	0.2289	0.0000	0.0000	0.000	0.200	7.40
0	0	0.2319	0.0000	0.0000	0.000	0.200	7.40
0	0	0.2395	0.0000	0.0000	0.000	0.200	7.40
0	0	0.2605	0.0000	0.0000	0.000	0.200	7.40
0	0	0.2361	0.0000	0.0000	0.000	0.200	7.40
0	0	0.2360	0.0000	0.0000	0.000	0.200	7.40
0	0	0.2329	0.0000	0.0000	0.000	0.200	7.40
0	0	0.2552	0.0000	0.0000	0.000	0.200	7.40
0	0	0.2346	0.0000	0.0000	0.000	0.200	7.40
0	0	0.2462	0.0000	0.0000	0.000	0.200	7.40
0	0	0.2458	0.0000	0.0000	0.000	0.200	7.40
0	0	0.2533	0.0000	0.0000	0.000	0.200	7.40
0	0	0.2504	0.0000	0.0000	0.000	0.200	7.40
0	0	0.2570	0.0000	0.0000	0.000	0.200	7.40
0	0	0.2478	0.0000	0.0000	0.000	0.200	7.40
0	0	0.2549	0.0000	0.0000	0.000	0.200	7.40
0	0	0.2693	0.0000	0.0000	0.000	0.200	7.40
0	0	0.2526	0.0000	0.0000	0.000	0.200	7.40
0	0	0.2476	0.0000	0.0000	0.000	0.200	7.40
0	0	0.2469	0.0000	0.0000	0.000	0.200	7.40
0	0	0.2572	0.0000	0.0000	0.000	0.200	7.40
0	0	0.2411	0.0000	0.0000	0.000	0.200	7.40
0	0	0.2426	0.0000	0.0000	0.000	0.200	7.40
0	0	0.2445	0.0000	0.0000	0.000	0.200	7.40
0	0	0.2547	0.0000	0.0000	0.000	0.200	7.40
0	0	0.2633	0.0000	0.0000	0.000	0.200	7.40
0	0	0.2454	0.0000	0.0000	0.000	0.200	7.40
0	0	0.2538	0.0000	0.0000	0.000	0.200	7.40
0	0	0.2561	0.0000	0.0000	0.000	0.200	7.40
0	0	0.2639	0.0000	0.0000	0.000	0.200	7.40
0	0	0.2573	0.0000	0.0000	0.000	0.200	7.40
0	0	0.2584	0.0000	0.0000	0.000	0.200	7.40
0	0	0.2520	0.0000	0.0000	0.000	0.200	7.40
0	0	0.2602	0.0000	0.0000	0.000	0.200	7.40
0	0	0.2782	0.0000	0.0000	0.000	0.200	7.40
0	0	0.2699	0.0000	0.0000	0.000	0.200	7.40
0	0	0.2619	0.0000	0.0000	0.000	0.200	7.40
0	0	0.2800	0.0000	0.0000	0.000	0.200	7.40
0	0	0.2665	0.0000	0.0000	0.000	0.200	7.40
0	0	0.2679	0.0000	0.0000	0.000	0.200	7.40
0	0	0.2702	0.0000	0.0000	0.000	0.200	7.40
0	0	0.2517	0.0000	0.0000	0.000	0.200	7.40
0	0	0.2725	0.0000	0.0000	0.000	0.200	7.40
0	0	0.2587	0.0000	0.0000	0.000	0.200	7.40
0	0	0.2578	0.0000	0.0000	0.000	0.200	7.40
0	0	0.2845	0.0000	0.0000	0.000	0.200	7.40
0	0	0.2718	0.0000	0.0000	0.000	0.200	7.40
0	0	0.2627	0.0000	0.0000	0.000	0.200	7.40
0	0	0.2615	0.0000	0.0000	0.000	0.200	7.40
0	0	0.2703	0.0000	0.0000	0.000	0.200	7.40
0	0	0.2772	0.0000	0.0000	0.000	0.200	7.40
0	0	0.2725	0.0000	0.0000	0.000	0.200	7.40
0	0	0.2818	0.0000	0.0000	0.000	0.200	7.40
0	0	0.2651	0.0000	0.0000	0.000	0.200	7.40
0	0	0.2816	0.0000	0.0000	0.000	0.200	7.40
0	0	0.2743	0.0000	0.0000	0.000	0.200	7.40
0	0	0.2677	0.0000	0.0000	0.000	0.200	7.40
0	0	0.2517	0.0000	0.0000	0.000	0.200	7.40
0	0	0.2816	0.0000	0.0000	0.000	0.200	7.40
0	0	0.2748	0.0000	0.0000	0.000	0.200	7.40
0	0	0.2623	0.0000	0.0000	0.000	0.200	7.40
0	0	0.2742	0.0000	0.0000	0.000	0.200	7.40
0	0	0.2761	0.0000	0.0000	0.000	0.200	7.40
0	0	0.2745	0.0000	0.0000	0.000	0.200	7.40
0	0	0.2991	0.0000	0.0000	0.000	0.200	7.40
0	0	0.2731	0.0000	0.0000	0.000	0.200	7.40
0	0	0.2785	0.0000	0.0000	0.000	0.200	7.40
0	0	0.2876	0.0000	0.0000	0.000	0.200	7.40
0	0	0.2895	0.0000	0.0000	0.000	0.200	7.40
0	0	0.2807	0.0000	0.0000	0.000	0.200	7.40
0	0	0.2904	0.0000	0.0000	0.000	0.200	7.40
0	0	0.2882	0.0000	0.0000	0.000	0.200	7.40
0	0	0.2822	0.0000	0.0000	0.000	0.200	7.40
0	0	0.2753	0.0000	0.0000	0.000	0.200	7.40
0	0	0.2783	0.0000	0.0000	0.000	0.200	7.40
0	0	0.2725	0.0000	0.0000	0.000	0.200	7.40
0	0	0.2923	0.0000	0.0000	0.000	0.200	7.40
0	0	0.2832	0.0000	0.0000	0.000	0.200	7.40
0	0	0.2773	0.0000	0.0000	0.000	0.200	7.40
0	0	0.3021	0.0000	0.0000	0.000	0.200	7.40
0	0	0.2674	0.0000	0.0000	0.000	0.200	7.40
0	0	0.2889	0.0000	0.0000	0.000	0.200	7.40
0	0	0.2731	0.0000	0.0000	0.000	0.200	7.40
0	0	0.2790	0.0000	0.0000	0.000	0.200	7.40
0	0	0.3072	0.0000	0.0000	0.000	0.200	7.40
0	0	0.2879	0.0000	0.0000	0.000	0.200	7.40
0	0	0.2715	0.0000	0.0000	0.000	0.200	7.40
0	0	0.2969	0.0000	0.0000	0.000	0.200	7.40
0	0	0.2889	0.0000	0.0000	0.000	0.200	7.40
0	0	0.2972	0.0000	0.0000	0.000	0.200	7.40
0	0	0.3016	0.0000	0.0000	0.000	0.200	7.40
0	0	0.2968	0.0000	0.0000	0.000	0.200	7.40
0	0	0.3019	0.0000	0.0000	0.000	0.200	7.40
0	0	0.2840	0.0000	0.0000	0.000	0.200	7.40
0	0	0.2937	0.0000	0.0000	0.000	0.200	7.40
0	0	0.3206	0.0000	0.0000	0.000	0.200	7.40
0	0	0.2965	0.0000	0.0000	0.000	0.200	7.40
0	0	0.3079	0.0000	0.0000	0.000	0.200	7.40
0	0	0.3032	0.0000	0.0000	0.000	0.200	7.40
0	0	0.3036	0.0000	0.0000	0.000	0.200	7.40
0	0	0.2758	0.0000	0.0000	0.000	0.200	7.40
0	0	0.2996	0.0000	0.0000	0.000	0.200	7.40
0	0	0.2988	0.0000	0.0000	0.000	0.200	7.40
0	0	0.2895	0.0000	0.0000	0.000	0.200	7.40
0	0	0.3086	0.0000	0.0000	0.000	0.200	7.40
0	0	0.3137	0.0000	0.0000	0.000	0.200	7.40
0	0	0.2906	0.0000	0.0000	0.000	0.200	7.40
0	0	0.3144	0.0000	0.0000	0.000	0.200	7.40
0	0	0.3027	0.0000	0.0000	0.000	0.200	7.40
0	0	0.2945	0.0000	0.0000	0.000	0.200	7.40
0	0	0.3042	0.0000	0.0000	0.000	0.200	7.40
0	0	0.3264	0.0000	0.0000	0.000	0.200	7.40
0	0	0.2915	0.0000	0.0000	0.000	0.200	7.40
0	0	0.3158	0.0000	0.0000	0.000	0.200	7.40
0	0	0.3131	0.0000	0.0000	0.000	0.200	7.40
0	0	0.3127	0.0000	0.0000	0.000	0.200	7.40
0	0	0.2843	0.0000	0.0000	0.000	0.200	7.40
0	0	0.3196	0.0000	0.0000	0.000	0.200	7.40
0	0	0.2942	0.0000	0.0000	0.000	0.200	7.40
0	0	0.3244	0.0000	0.0000	0.000	0.200	7.40
0	0	0.3126	0.0000	0.0000	0.000	0.200	7.40
0	0	0.2908	0.0000	0.0000	0.000	0.200	7.40
0	0	0.2901	0.0000	0.0000	0.000	0.200	7.40
0	0	0.3207	0.0000	0.0000	0.000	0.200	7.40
0	0	0.3105	0.0000	0.0000	0.000	0.200	7.40
0	0	0.3198	0.0000	0.0000	0.000	0.200	7.40
0	0	0.2970	0.0000	0.0000	0.000	0.200	7.40
0	0	0.3114	0.0000	0.0000	0.000	0.200	7.40
0	0	0.3189	0.0000	0.0000	0.000	0.200	7.40
0	0	0.3207	0.0000	0.0000	0.000	0.200	7.40
0	0	0.2997	0.0000	0.0000	0.000	0.200	7.40
0	0	0.2981	0.0000	0.0000	0.000	0.200	7.40
0	0	0.3158	0.0000	0.0000	0.000	0.200	7.40
0	0	0.3343	0.0000	0.0000	0.000	0.200	7.40
0	0	0.3285	0.0000	0.0000	0.000	0.200	7.40
0	0	0.3035	0.0000	0.0000	0.000	0.200	7.40
0	0	0.3076	0.0000	0.0000	0.000	0.200	7.40
0	0	0.3045	0.0000	0.0000	0.000	0.200	7.40
0	0	0.2934	0.0000	0.0000	0.000	0.200	7.40
0	0	0.3162	0.0000	0.0000	0.000	0.200	7.40
0	0	0.3390	0.0000	0.0000	0.000	0.200	7.40
0	0	0.3143	0.0000	0.0000	0.000	0.200	7.40
0	0	0.3309	0.0000	0.0000	0.000	0.200	7.40
0	0	0.3065	0.0000	0.0000	0.000	0.200	7.40
0	0	0.3056	0.0000	0.0000	0.000	0.200	7.40
0	0	0.2930	0.0000	0.0000	0.000	0.200	7.40
0	0	0.3198	0.0000	0.0000	0.000	0.200	7.40
0	0	0.3168	0.0000	0.0000	0.000	0.200	7.40
0	0	0.3141	0.0000	0.0000	0.000	0.200	7.40
0	0	0.3251	0.0000	0.0000	0.000	0.200	7.40
0	0	0.3308	0.0000	0.0000	0.000	0.200	7.40
0	0	0.3305	0.0000	0.0000	0.000	0.200	7.40
0	0	0.3206	0.0000	0.0000	0.000	0.200	7.40
0	0	0.3165	0.0000	0.0000	0.000	0.200	7.40
0	0	0.3355	0.0000	0.0000	0.000	0.200	7.40
0	0	0.3402	0.0000	0.0000	0.000	0.200	7.40
0	0	0.3183	0.0000	0.0000	0.000	0.200	7.40
0	0	0.3122	0.0000	0.0000	0.000	0.200	7.40
0	0	0.3187	0.0000	0.0000	0.000	0.200	7.40
0	0	0.3315	0.0000	0.0000	0.000	0.200	7.40
0	0	0.3128	0.0000	0.0000	0.000	0.200	7.40
0	0	0.3337	0.0000	0.0000	0.000	0.200	7.40
0	0	0.3408	0.0000	0.0000	0.000	0.200	7.40
0	0	0.3314	0.0000	0.0000	0.000	0.200	7.40
0	0	0.3390	0.0000	0.0000	0.000	0.200	7.40
0	0	0.3135	0.0000	0.0000	0.000	0.200	7.40
0	0	0.3190	0.0000	0.0000	0.000	0.200	7.40
0	0	0.3383	0.0000	0.0000	0.000	0.200	7.40
0	0	0.3209	0.0000	0.0000	0.000	0.200	7.40
0	0	0.3366	0.0000	0.0000	0.000	0.200	7.40
0	0	0.3440	0.0000	0.0000	0.000	0.200	7.40
0	0	0.3420	0.0000	0.0000	0.000	0.200	7.40
0	0	0.3379	0.0000	0.0000	0.000	0.200	7.40
0	0	0.3233	0.0000	0.0000	0.000	0.200	7.40
0	0	0.3270	0.0000	0.0000	0.000	0.200	7.40
0	0	0.3171	0.0000	0.0000	0.000	0.200	7.40
0	0	0.3220	0.0000	0.0000	0.000	0.200	7.40
0	0	0.3295	0.0000	0.0000	0.000	0.200	7.40
0	0	0.3359	0.0000	0.0000	0.000	0.200	7.40
0	0	0.3291	0.0000	0.0000	0.000	0.200	7.40
0	0	0.3331	0.0000	0.0000	0.000	0.200	7.40
0	0	0.3225	0.0000	0.0000	0.000	0.200	7.40
0	0	0.3297	0.0000	0.0000	0.000	0.200	7.40
0	0	0.3344	0.0000	0.0000	0.000	0.200	7.40
0	0	0.3291	0.0000	0.0000	0.000	0.200	7.40
0	0	0.3320	0.0000	0.0000	0.000	0.200	7.40
0	0	0.3218	0.0000	0.0000	0.000	0.200	7.40
0	0	0.3225	0.0000	0.0000	0.000	0.200	7.40
0	0	0.3366	0.0000	0.0000	0.000	0.200	7.40
0	0	0.3329	0.0000	0.0000	0.000	0.200	7.40
0	0	0.3477	0.0000	0.0000	0.000	0.200	7.40
0	0	0.3275	0.0000	0.0000	0.000	0.200	7.40
0	0	0.3265	0.0000	0.0000	0.000	0.200	7.40
0	0	0.3404	0.0000	0.0000	0.000	0.200	7.40
0	0	0.3446	0.0000	0.0000	0.000	0.200	7.40
0	0	0.3478	0.0000	0.0000	0.000	0.200	7.40
0	0	0.3302	0.0000	0.0000	0.000	0.200	7.40
0	0	0.3322	0.0000	0.0000	0.000	0.200	7.40
0	0	0.3447	0.0000	0.0000	0.000	0.200	7.40
0	0	0.3423	0.0000	0.0000	0.000	0.200	7.40
0	0	0.3469	0.0000	0.0000	0.000	0.200	7.40
0	0	0.3550	0.0000	0.0000	0.000	0.200	7.40
0	0	0.3372	0.0000	0.0000	0.000	0.200	7.40
0	0	0.3513	0.0000	0.0000	0.000	0.200	7.40
0	0	0.3501	0.0000	0.0000	0.000	0.200	7.40
0	0	0.3516	0.0000	0.0000	0.000	0.200	7.40
0	0	0.3534	0.0000	0.0000	0.000	0.200	7.40
0	0	0.3351	0.0000	0.0000	0.000	0.200	7.40
0	0	0.3477	0.0000	0.0000	0.000	0.200	7.40
0	0	0.3452	0.0000	0.0000	0.000	0.200	7.40
0	0	0.3522	0.0000	0.0000	0.000	0.200	7.40
0	0	0.3438	0.0000	0.0000	0.000	0.200	7.40
0	0	0.3364	0.0000	0.0000	0.000	0.200	7.40
0	0	0.3258	0.0000	0.0000	0.000	0.200	7.40
0	0	0.3504	0.0000	0.0000	0.000	0.200	7.40
0	0	0.3567	0.0000	0.0000	0.000	0.200	7.40
0	0	0.3441	0.0000	0.0000	0.000	0.200	7.40
0	0	0.3485	0.0000	0.0000	0.000	0.200	7.40
0	0	0.3360	0.0000	0.0000	0.000	0.200	7.40
0	0	0.3523	0.0000	0.0000	0.000	0.200	7.40
0	0	0.3554	0.0000	0.0000	0.000	0.200	7.40
0	0	0.3725	0.0000	0.0000	0.000	0.200	7.40
0	0	0.3478	0.0000	0.0000	0.000	0.200	7.40
0	0	0.3451	0.0000	0.0000	0.000	0.200	7.40
0	0	0.3585	0.0000	0.0000	0.000	0.200	7.40
0	0	0.3396	0.0000	0.0000	0.000	0.200	7.40
0	0	0.3528	0.0000	0.0000	0.000	0.200	7.40
0	0	0.3460	0.0000	0.0000	0.000	0.200	7.40
0	0	0.3485	0.0000	0.0000	0.000	0.200	7.40
0	0	0.3553	0.0000	0.0000	0.000	0.200	7.40
0	0	0.3394	0.0000	0.0000	0.000	0.200	7.40
0	0	0.3495	0.0000	0.0000	0.000	0.200	7.40
0	0	0.3601	0.0000	0.0000	0.000	0.200	7.40
0	0	0.3507	0.0000	0.0000	0.000	0.200	7.40
0	0	0.3554	0.0000	0.0000	0.000	0.200	7.40
0	0	0.3368	0.0000	0.0000	0.000	0.200	7.40
0	0	0.3584	0.0000	0.0000	0.000	0.200	7.40
0	0	0.3568	0.0000	0.0000	0.000	0.200	7.40
0	0	0.3428	0.0000	0.0000	0.000	0.200	7.40
0	0	0.3562	0.0000	0.0000	0.000	0.200	7.40
0	0	0.3497	0.0000	0.0000	0.000	0.200	7.40
0	0	0.3545	0.0000	0.0000	0.000	0.200	7.40
0	0	0.3507	0.0000	0.0000	0.000	0.200	7.40
0	0	0.3505	0.0000	0.0000	0.000	0.200	7.40
0	0	0.3658	0.0000	0.0000	0.000	0.200	7.40
0	0	0.3508	0.0000	0.0000	0.000	0.200	7.40
0	0	0.3529	0.0000	0.0000	0.000	0.200	7.40
0	0	0.3577	0.0000	0.0000	0.000	0.200	7.40
0	0	0.3586	0.0000	0.0000	0.000	0.200	7.40
0	0	0.3634	0.0000	0.0000	0.000	0.200	7.40
0	0	0.3491	0.0000	0.0000	0.000	0.200	7.40
0	0	0.3640	0.0000	0.0000	0.000	0.200	7.40
0	0	0.3607	0.0000	0.0000	0.000	0.200	7.40
0	0	0.3618	0.0000	0.0000	0.000	0.200	7.40
0	0	0.3569	0.0000	0.0000	0.000	0.200	7.40
0	0	0.3507	0.0000	0.0000	0.000	0.200	7.40
0	0	0.3793	0.0000	0.0000	0.000	0.200	7.40
0	0	0.3597	0.0000	0.0000	0.000	0.200	7.40
0	0	0.3628	0.0000	0.0000	0.000	0.200	7.40
0	0	0.3396	0.0000	0.0000	0.000	0.200	7.40
0	0	0.3762	0.0000	0.0000	0.000	0.200	7.40
0	0	0.3653	0.0000	0.0000	0.000	0.200	7.40
0	0	0.3661	0.0000	0.0000	0.000	0.200	7.40
0	0	0.3545	0.0000	0.0000	0.000	0.200	7.40
0	0	0.3617	0.0000	0.0000	0.000	0.200	7.40
0	0	0.3436	0.0000	0.0000	0.000	0.200	7.40
0	0	0.3589	0.0000	0.0000	0.000	0.200	7.40
0	0	0.3720	0.0000	0.0000	0.000	0.200	7.40
0	0	0.3563	0.0000	0.0000	0.000	0.200	7.40
0	0	0.3552	0.0000	0.0000	0.000	0.200	7.40
0	0	0.3590	0.0000	0.0000	0.000	0.200	7.40
0	0	0.3578	0.0000	0.0000	0.000	0.200	7.40
0	0	0.3637	0.0000	0.0000	0.000	0.200	7.40
0	0	0.3704	0.0000	0.0000	0.000	0.200	7.40
0	0	0.3771	0.0000	0.0000	0.000	0.200	7.40
0	0	0.3855	0.0000	0.0000	0.000	0.200	7.40
0	0	0.3822	0.0000	0.0000	0.000	0.200	7.40
0	0	0.3746	0.0000	0.0000	0.000	0.200	7.40
0	0	0.3887	0.0000	0.0000	0.000	0.200	7.40
0	0	0.3634	0.0000	0.0000	0.000	0.200	7.40
0	0	0.3828	0.0000	0.0000	0.000	0.200	7.40
0	0	0.3652	0.0000	0.0000	0.000	0.200	7.40
0	0	0.3635	0.0000	0.0000	0.000	0.200	7.40
0	0	0.3625	0.0000	0.0000	0.000	0.200	7.40
0	0	0.3615	0.0000	0.0000	0.000	0.200	7.40
0	0	0.3620	0.0000	0.0000	0.000	0.200	7.40
0	0	0.3610	0.0000	0.0000	0.000	0.200	7.40
0	0	0.3496	0.0000	0.0000	0.000	0.200	7.40
0	0	0.3809	0.0000	0.0000	0.000	0.200	7.40
0	0	0.3775	0.0000	0.0000	0.000	0.200	7.40
0	0	0.3694	0.0000	0.0000	0.000	0.200	7.40
0	0	0.3726	0.0000	0.0000	0.000	0.200	7.40
0	0	0.3685	0.0000	0.0000	0.000	0.200	7.40
0	0	0.3714	0.0000	0.0000	0.000	0.200	7.40
0	0	0.3805	0.0000	0.0000	0.000	0.200	7.40
0	0	0.3673	0.0000	0.0000	0.000	0.200	7.40
0	0	0.3803	0.0000	0.0000	0.000	0.200	7.40
0	0	0.3993	0.0000	0.0000	0.000	0.200	7.40
0	0	0.3590	0.0000	0.0000	0.000	0.200	7.40
0	0	0.3477	0.0000	0.0000	0.000	0.200	7.40
0	0	0.3696	0.0000	0.0000	0.000	0.200	7.40
0	0	0.3740	0.0000	0.0000	0.000	0.200	7.40
0	0	0.3881	0.0000	0.0000	0.000	0.200	7.40
0	0	0.3737	0.0000	0.0000	0.000	0.200	7.40
0	0	0.3899	0.0000	0.0000	0.000	0.200	7.40
0	0	0.3743	0.0000	0.0000	0.000	0.200	7.40
0	0	0.3718	0.0000	0.0000	0.000	0.200	7.40
0	0	0.3768	0.0000	0.0000	0.000	0.200	7.40
0	0	0.3798	0.0000	0.0000	0.000	0.200	7.40
0	0	0.3871	0.0000	0.0000	0.000	0.200	7.40
0	0	0.3839	0.0000	0.0000	0.000	0.200	7.40
0	0	0.3696	0.0000	0.0000	0.000	0.200	7.40
0	0	0.3760	0.0000	0.0000	0.000	0.200	7.40
0	0	0.3757	0.0000	0.0000	0.000	0.200	7.40
0	0	0.3887	0.0000	0.0000	0.000	0.200	7.40
0	0	0.3678	0.0000	0.0000	0.000	0.200	7.40
0	0	0.3624	0.0000	0.0000	0.000	0.200	7.40
0	0	0.3594	0.0000	0.0000	0.000	0.200	7.40
0	0	0.3783	0.0000	0.0000	0.000	0.200	7.40
0	0	0.3477	0.0000	0.0000	0.000	0.200	7.40
0	0	0.3760	0.0000	0.0000	0.000	0.200	7.40
0	0	0.3901	0.0000	0.0000	0.000	0.200	7.40
0	0	0.3743	0.0000	0.0000	0.000	0.200	7.40
0	0	0.3888	0.0000	0.0000	0.000	0.200	7.40
0	0	0.3729	0.0000	0.0000	0.000	0.200	7.40
0	0	0.3774	0.0000	0.0000	0.000	0.200	7.40
0	0	0.3883	0.0000	0.0000	0.000	0.200	7.40
0	0	0.3755	0.0000	0.0000	0.000	0.200	7.40
0	0	0.3617	0.0000	0.0000	0.000	0.200	7.40
0	0	0.3719	0.0000	0.0000	0.000	0.200	7.40
0	0	0.3702	0.0000	0.0000	0.000	0.200	7.40
0	0	0.3853	0.0000	0.0000	0.000	0.200	7.40
0	0	0.3892	0.0000	0.0000	0.000	0.200	7.40
0	0	0.3925	0.0000	0.0000	0.000	0.200	7.40
0	0	0.3700	0.0000	0.0000	0.000	0.200	7.40
0	0	0.3919	0.0000	0.0000	0.000	0.200	7.40
0	0	0.3801	0.0000	0.0000	0.000	0.200	7.40
0	0	0.3888	0.0000	0.0000	0.000	0.200	7.40
0	0	0.3665	0.0000	0.0000	0.000	0.200	7.40
0	0	0.3965	0.0000	0.0000	0.000	0.200	7.40
0	0	0.4043	0.0000	0.0000	0.000	0.200	7.40
0	0	0.3860	0.0000	0.0000	0.000	0.200	7.40
0	0	0.3815	0.0000	0.0000	0.000	0.200	7.40
0	0	0.3767	0.0000	0.0000	0.000	0.200	7.40
0	0	0.3771	0.0000	0.0000	0.000	0.200	7.40
0	0	0.3728	0.0000	0.0000	0.000	0.200	7.40
0	0	0.3888	0.0000	0.0000	0.000	0.200	7.40
0	0	0.3614	0.0000	0.0000	0.000	0.200	7.40
0	0	0.3761	0.0000	0.0000	0.000	0.200	7.40
0	0	0.3856	0.0000	0.0000	0.000	0.200	7.40
0	0	0.3872	0.0000	0.0000	0.000	0.200	7.40
0	0	0.3840	0.0000	0.0000	0.000	0.200	7.40
0	0	0.3892	0.0000	0.0000	0.000	0.200	7.40
0	0	0.3743	0.0000	0.0000	0.000	0.200	7.40
0	0	0.3821	0.0000	0.0000	0.000	0.200	7.40
0	0	0.3760	0.0000	0.0000	0.000	0.200	7.40
0	0	0.3914	0.0000	0.0000	0.000	0.200	7.40
0	0	0.3830	0.0000	0.0000	0.000	0.200	7.40
0	0	0.3800	0.0000	0.0000	0.000	0.200	7.40
0	0	0.3864	0.0000	0.0000	0.000	0.200	7.40
0	0	0.3948	0.0000	0.0000	0.000	0.200	7.40
0	0	0.3923	0.0000	0.0000	0.000	0.200	7.40
0	0	0.3804	0.0000	0.0000	0.000	0.200	7.40
0	0	0.3947	0.0000	0.0000	0.000	0.200	7.40
0	0	0.3748	0.0000	0.0000	0.000	0.200	7.40
0	0	0.3850	0.0000	0.0000	0.000	0.200	7.40
0	0	0.3866	0.0000	0.0000	0.000	0.200	7.40
0	0	0.3919	0.0000	0.0000	0.000	0.200	7.40
0	0	0.3895	0.0000	0.0000	0.000	0.200	7.40
0	0	0.3801	0.0000	0.0000	0.000	0.200	7.40
0	0	0.3911	0.0000	0.0000	0.000	0.200	7.40
0	0	0.3902	0.0000	0.0000	0.000	0.200	7.40
0	0	0.3837	0.0000	0.0000	0.000	0.200	7.40
0	0	0.3843	0.0000	0.0000	0.000	0.200	7.40
0	0	0.3845	0.0000	0.0000	0.000	0.200	7.40
0	0	0.4032	0.0000	0.0000	0.000	0.200	7.40
0	0	0.4052	0.0000	0.0000	0.000	0.200	7.40
0	0	0.3845	0.0000	0.0000	0.000	0.200	7.40
0	0	0.3939	0.0000	0.0000	0.000	0.200	7.40
0	0	0.3964	0.0000	0.0000	0.000	0.200	7.40
0	0	0.3892	0.0000	0.0000	0.000	0.200	7.40
0	0	0.3896	0.0000	0.0000	0.000	0.200	7.40
0	0	0.3899	0.0000	0.0000	0.000	0.200	7.40
0	0	0.3810	0.0000	0.0000	0.000	0.200	7.40
0	0	0.3923	0.0000	0.0000	0.000	0.200	7.40
0	0	0.3879	0.0000	0.0000	0.000	0.200	7.40
0	0	0.3839	0.0000	0.0000	0.000	0.200	7.40
0	0	0.3787	0.0000	0.0000	0.000	0.200	7.40
0	0	0.3899	0.0000	0.0000	0.000	0.200	7.40
0	0	0.3954	0.0000	0.0000	0.000	0.200	7.40
0	0	0.4022	0.0000	0.0000	0.000	0.200	7.40
0	0	0.3952	0.0000	0.0000	0.000	0.200	7.40
0	0	0.3991	0.0000	0.0000	0.000	0.200	7.40
0	0	0.3851	0.0000	0.0000	0.000	0.200	7.40
0	0	0.4005	0.0000	0.0000	0.000	0.200	7.40
0	0	0.3804	0.0000	0.0000	0.000	0.200	7.40
0	0	0.3981	0.0000	0.0000	0.000	0.200	7.40
0	0	0.3949	0.0000	0.0000	0.000	0.200	7.40
0	0	0.4091	0.0000	0.0000	0.000	0.200	7.40
0	0	0.3991	0.0000	0.0000	0.000	0.200	7.40
0	0	0.3738	0.0000	0.0000	0.000	0.200	7.40
0	0	0.3892	0.0000	0.0000	0.000	0.200	7.40
0	0	0.4034	0.0000	0.0000	0.000	0.200	7.40
0	0	0.3907	0.0000	0.0000	0.000	0.200	7.40
0	0	0.3909	0.0000	0.0000	0.000	0.200	7.40
0	0	0.3960	0.0000	0.0000	0.000	0.200	7.40
0	0	0.3879	0.0000	0.0000	0.000	0.200	7.40
0	0	0.3908	0.0000	0.0000	0.000	0.200	7.40
0	0	0.4020	0.0000	0.0000	0.000	0.200	7.40
0	0	0.3799	0.0000	0.0000	0.000	0.200	7.40
0	0	0.3994	0.0000	0.0000	0.000	0.200	7.40
0	0	0.3943	0.0000	0.0000	0.000	0.200	7.40
0	0	0.3952	0.0000	0.0000	0.000	0.200	7.40
0	0	0.3850	0.0000	0.0000	0.000	0.200	7.40
0	0	0.4052	0.0000	0.0000	0.000	0.200	7.40
0	0	0.3903	0.0000	0.0000	0.000	0.200	7.40
0	0	0.4031	0.0000	0.0000	0.000	0.200	7.40
0	0	0.3927	0.0000	0.0000	0.000	0.200	7.40
0	0	0.3876	0.0000	0.0000	0.000	0.200	7.40
0	0	0.4012	0.0000	0.0000	0.000	0.200	7.40
0	0	0.3990	0.0000	0.0000	0.000	0.200	7.40
0	0	0.4087	0.0000	0.0000	0.000	0.200	7.40
0	0	0.3719	0.0000	0.0000	0.000	0.200	7.40
0	0	0.4009	0.0000	0.0000	0.000	0.200	7.40
0	0	0.3929	0.0000	0.0000	0.000	0.200	7.40
0	0	0.4047	0.0000	0.0000	0.000	0.200	7.40
0	0	0.3918	0.0000	0.0000	0.000	0.200	7.40
0	0	0.4050	0.0000	0.0000	0.000	0.200	7.40
0	0	0.3964	0.0000	0.0000	0.000	0.200	7.40
0	0	0.3974	0.0000	0.0000	0.000	0.200	7.40
0	0	0.3877	0.0000	0.0000	0.000	0.200	7.40
0	0	0.3950	0.0000	0.0000	0.000	0.200	7.40
0	0	0.4091	0.0000	0.0000	0.000	0.200	7.40
0	0	0.3973	0.0000	0.0000	0.000	0.200	7.40
0	0	0.4165	0.0000	0.0000	0.000	0.200	7.40
0	0	0.3900	0.0000	0.0000	0.000	0.200	7.40
0	0	0.3945	0.0000	0.0000	0.000	0.200	7.40
0	0	0.4056	0.0000	0.0000	0.000	0.200	7.40
0	0	0.3894	0.0000	0.0000	0.000	0.200	7.40
0	0	0.3997	0.0000	0.0000	0.000	0.200	7.40
0	0	0.4074	0.0000	0.0000	0.000	0.200	7.40
0	0	0.4018	0.0000	0.0000	0.000	0.200	7.40
0	0	0.4094	0.0000	0.0000	0.000	0.200	7.40
0	0	0.3977	0.0000	0.0000	0.000	0.200	7.40
0	0	0.3993	0.0000	0.0000	0.000	0.200	7.40
0	0	0.4034	0.0000	0.0000	0.000	0.200	7.40
0	0	0.3991	0.0000	0.0000	0.000	0.200	7.40
0	0	0.4067	0.0000	0.0000	0.000	0.200	7.40
0	0	0.3878	0.0000	0.0000	0.000	0.200	7.40
0	0	0.4044	0.0000	0.0000	0.000	0.200	7.40
0	0	0.4031	0.0000	0.0000	0.000	0.200	7.40
0	0	0.4008	0.0000	0.0000	0.000	0.200	7.40
0	0	0.4057	0.0000	0.0000	0.000	0.200	7.40
0	0	0.4008	0.0000	0.0000	0.000	0.200	7.40
0	0	0.4041	0.0000	0.0000	0.000	0.200	7.40
0	0	0.3938	0.0000	0.0000	0.000	0.200	7.40
0	0	0.3953	0.0000	0.0000	0.000	0.200	7.40
0	0	0.4006	0.0000	0.0000	0.000	0.200	7.40
0	0	0.3915	0.0000	0.0000	0.000	0.200	7.40
0	0	0.3914	0.0000	0.0000	0.000	0.200	7.40
0	0	0.4021	0.0000	0.0000	0.000	0.200	7.40
0	0	0.4200	0.0000	0.0000	0.000	0.200	7.40
0	0	0.3978	0.0000	0.0000	0.000	0.200	7.40
0	0	0.3903	0.0000	0.0000	0.000	0.200	7.40
0	0	0.3877	0.0000	0.0000	0.000	0.200	7.40
0	0	0.3965	0.0000	0.0000	0.000	0.200	7.40
0	0	0.4188	0.0000	0.0000	0.000	0.200	7.40
0	0	0.4123	0.0000	0.0000	0.000	0.200	7.40
0	0	0.3889	0.0000	0.0000	0.000	0.200	7.40
0	0	0.4007	0.0000	0.0000	0.000	0.200	7.40
0	0	0.3964	0.0000	0.0000	0.000	0.200	7.40
0	0	0.3903	0.0000	0.0000	0.000	0.200	7.40
0	0	0.4400	0.0000	0.0000	0.000	0.200	7.40
0	0	0.4055	0.0000	0.0000	0.000	0.200	7.40
0	0	0.3981	0.0000	0.0000	0.000	0.200	7.40
0	0	0.4036	0.0000	0.0000	0.000	0.200	7.40
0	0	0.4013	0.0000	0.0000	0.000	0.200	7.40
0	0	0.3977	0.0000	0.0000	0.000	0.200	7.40
0	0	0.3948	0.0000	0.0000	0.000	0.200	7.40
0	0	0.3904	0.0000	0.0000	0.000	0.200	7.40
0	0	0.3949	0.0000	0.0000	0.000	0.200	7.40
0	0	0.4013	0.0000	0.0000	0.000	0.200	7.40
0	0	0.4098	0.0000	0.0000	0.000	0.200	7.40
0	0	0.3996	0.0000	0.0000	0.000	0.200	7.40
0	0	0.4005	0.0000	0.0000	0.000	0.200	7.40
0	0	0.4210	0.0000	0.0000	0.000	0.200	7.40
0	0	0.3935	0.0000	0.0000	0.000	0.200	7.40
0	0	0.4094	0.0000	0.0000	0.000	0.200	7.40
0	0	0.4101	0.0000	0.0000	0.000	0.200	7.40
0	0	0.3961	0.0000	0.0000	0.000	0.200	7.40
0	0	0.4298	0.0000	0.0000	0.000	0.200	7.40
0	0	0.4050	0.0000	0.0000	0.000	0.200	7.40
0	0	0.4102	0.0000	0.0000	0.000	0.200	7.40
0	0	0.3930	0.0000	0.0000	0.000	0.200	7.40
0	0	0.4048	0.0000	0.0000	0.000	0.200	7.40
0	0	0.4168	0.0000	0.0000	0.000	0.200	7.40
0	0	0.4057	0.0000	0.0000	0.000	0.200	7.40
0	0	0.4015	0.0000	0.0000	0.000	0.200	7.40
0	0	0.3948	0.0000	0.0000	0.000	0.200	7.40
0	0	0.4072	0.0000	0.0000	0.000	0.200	7.40
0	0	0.3824	0.0000	0.0000	0.000	0.200	7.40
0	0	0.4186	0.0000	0.0000	0.000	0.200	7.40
0	0	0.4131	0.0000	0.0000	0.000	0.200	7.40
0	0	0.4098	0.0000	0.0000	0.000	0.200	7.40
0	0	0.4080	0.0000	0.0000	0.000	0.200	7.40
0	0	0.4018	0.0000	0.0000	0.000	0.200	7.40
0	0	0.3909	0.0000	0.0000	0.000	0.200	7.40
0	0	0.4116	0.0000	0.0000	0.000	0.200	7.40
0	0	0.4022	0.0000	0.0000	0.000	0.200	7.40
0	0	0.4038	0.0000	0.0000	0.000	0.200	7.40
0	0	0.4161	0.0000	0.0000	0.000	0.200	7.40
0	0	0.4084	0.0000	0.0000	0.000	0.200	7.40
0	0	0.4075	0.0000	0.0000	0.000	0.200	7.40
0	0	0.4061	0.0000	0.0000	0.000	0.200	7.40
0	0	0.4119	0.0000	0.0000	0.000	0.200	7.40
0	0	0.3961	0.0000	0.0000	0.000	0.200	7.40
0	0	0.3766	0.0000	0.0000	0.000	0.200	7.40
0	0	0.3978	0.0000	0.0000	0.000	0.200	7.40
0	0	0.4270	0.0000	0.0000	0.000	0.200	7.40
0	0	0.4240	0.0000	0.0000	0.000	0.200	7.40
0	0	0.4187	0.0000	0.0000	0.000	0.200	7.40
0	0	0.4295	0.0000	0.0000	0.000	0.200	7.40
0	0	0.4179	0.0000	0.0000	0.000	0.200	7.40
0	0	0.4034	0.0000	0.0000	0.000	0.200	7.40
0	0	0.3979	0.0000	0.0000	0.000	0.200	7.40
0	0	0.4313	0.0000	0.0000	0.000	0.200	7.40
0	0	0.4168	0.0000	0.0000	0.000	0.200	7.40
0	0	0.4015	0.0000	0.0000	0.000	0.200	7.40
0	0	0.4209	0.0000	0.0000	0.000	0.200	7.40
0	0	0.3912	0.0000	0.0000	0.000	0.200	7.40
0	0	0.4181	0.0000	0.0000	0.000	0.200	7.40
0	0	0.4058	0.0000	0.0000	0.000	0.200	7.40
0	0	0.4160	0.0000	0.0000	0.000	0.200	7.40
0	0	0.4198	0.0000	0.0000	0.000	0.200	7.40
0	0	0.3989	0.0000	0.0000	0.000	0.200	7.40
0	0	0.3963	0.0000	0.0000	0.000	0.200	7.40
0	0	0.4152	0.0000	0.0000	0.000	0.200	7.40
0	0	0.4008	0.0000	0.0000	0.000	0.200	7.40
0	0	0.4099	0.0000	0.0000	0.000	0.200	7.40
0	0	0.4103	0.0000	0.0000	0.000	0.200	7.40
0	0	0.3969	0.0000	0.0000	0.000	0.200	7.40
0	0	0.4175	0.0000	0.0000	0.000	0.200	7.40
0	0	0.4076	0.0000	0.0000	0.000	0.200	7.40
0	0	0.3938	0.0000	0.0000	0.000	0.200	7.40
0	0	0.4212	0.0000	0.0000	0.000	0.200	7.40
0	0	0.4105	0.0000	0.0000	0.000	0.200	7.40
0	0	0.4124	0.0000	0.0000	0.000	0.200	7.40
0	0	0.4296	0.0000	0.0000	0.000	0.200	7.40
0	0	0.4196	0.0000	0.0000	0.000	0.200	7.40
0	0	0.3999	0.0000	0.0000	0.000	0.200	7.40
0	0	0.4078	0.0000	0.0000	0.000	0.200	7.40
0	0	0.4256	0.0000	0.0000	0.000	0.200	7.40
0	0	0.4035	0.0000	0.0000	0.000	0.200	7.40
0	0	0.4214	0.0000	0.0000	0.000	0.200	7.40
0	0	0.3987	0.0000	0.0000	0.000	0.200	7.40
0	0	0.4026	0.0000	0.0000	0.000	0.200	7.40
0	0	0.4122	0.0000	0.0000	0.000	0.200	7.40
0	0	0.4234	0.0000	0.0000	0.000	0.200	7.40
0	0	0.4080	0.0000	0.0000	0.000	0.200	7.40
0	0	0.4027	0.0000	0.0000	0.000	0.200	7.40
0	0	0.4214	0.0000	0.0000	0.000	0.200	7.40
0	0	0.4141	0.0000	0.0000	0.000	0.200	7.40
0	0	0.4228	0.0000	0.0000	0.000	0.200	7.40
0	0	0.4076	0.0000	0.0000	0.000	0.200	7.40
0	0	0.4214	0.0000	0.0000	0.000	0.200	7.40
0	0	0.4176	0.0000	0.0000	0.000	0.200	7.40
0	0	0.3982	0.0000	0.0000	0.000	0.200	7.40
0	0	0.4025	0.0000	0.0000	0.000	0.200	7.40
0	0	0.4200	0.0000	0.0000	0.000	0.200	7.40
0	0	0.4146	0.0000	0.0000	0.000	0.200	7.40
0	0	0.3958	0.0000	0.0000	0.000	0.200	7.40
0	0	0.4007	0.0000	0.0000	0.000	0.200	7.40
0	0	0.4053	0.0000	0.0000	0.000	0.200	7.40
0	0	0.4047	0.0000	0.0000	0.000	0.200	7.40
0	0	0.4066	0.0000	0.0000	0.000	0.200	7.40
0	0	0.4171	0.0000	0.0000	0.000	0.200	7.40
0	0	0.4083	0.0000	0.0000	0.000	0.200	7.40
0	0	0.4253	0.0000	0.0000	0.000	0.200	7.40
0	0	0.4233	0.0000	0.0000	0.000	0.200	7.40
0	0	0.4266	0.0000	0.0000	0.000	0.200	7.40
0	0	0.4119	0.0000	0.0000	0.000	0.200	7.40
0	0	0.3992	0.0000	0.0000	0.000	0.200	7.40
0	0	0.4087	0.0000	0.0000	0.000	0.200	7.40
0	0	0.4071	0.0000	0.0000	0.000	0.200	7.40
0	0	0.4290	0.0000	0.0000	0.000	0.200	7.40
0	0	0.4255	0.0000	0.0000	0.000	0.200	7.40
0	0	0.4032	0.0000	0.0000	0.000	0.200	7.40
0	0	0.4157	0.0000	0.0000	0.000	0.200	7.40
0	0	0.4151	0.0000	0.0000	0.000	0.200	7.40
0	0	0.4108	0.0000	0.0000	0.000	0.200	7.40
0	0	0.4082	0.0000	0.0000	0.000	0.200	7.40
0	0	0.4202	0.0000	0.0000	0.000	0.200	7.40
0	0	0.4252	0.0000	0.0000	0.000	0.200	7.40
0	0	0.4163	0.0000	0.0000	0.000	0.200	7.40
0	0	0.4184	0.0000	0.0000	0.000	0.200	7.40
0	0	0.4134	0.0000	0.0000	0.000	0.200	7.40
0	0	0.4105	0.0000	0.0000	0.000	0.200	7.40
0	0	0.4061	0.0000	0.0000	0.000	0.200	7.40
0	0	0.4072	0.0000	0.0000	0.000	0.200	7.40
0	0	0.4098	0.0000	0.0000	0.000	0.200	7.40
0	0	0.4098	0.0000	0.0000	0.000	0.200	7.40
0	0	0.4154	0.0000	0.0000	0.000	0.200	7.40
0	0	0.3998	0.0000	0.0000	0.000	0.200	7.40
0	0	0.4164	0.0000	0.0000	0.000	0.200	7.40
0	0	0.4273	0.0000	0.0000	0.000	0.200	7.40
0	0	0.4195	0.0000	0.0000	0.000	0.200	7.40
0	0	0.4076	0.0000	0.0000	0.000	0.200	7.40
0	0	0.4236	0.0000	0.0000	0.000	0.200	7.40
0	0	0.4349	0.0000	0.0000	0.000	0.200	7.40
0	0	0.4069	0.0000	0.0000	0.000	0.200	7.40
0	0	0.4203	0.0000	0.0000	0.000	0.200	7.40
0	0	0.4114	0.0000	0.0000	0.000	0.200	7.40
0	0	0.4256	0.0000	0.0000	0.000	0.200	7.40
0	0	0.4276	0.0000	0.0000	0.000	0.200	7.40
0	0	0.4049	0.0000	0.0000	0.000	0.200	7.40
0	0	0.4055	0.0000	0.0000	0.000	0.200	7.40
0	0	0.4126	0.0000	0.0000	0.000	0.200	7.40
0	0	0.4207	0.0000	0.0000	0.000	0.200	7.40
0	0	0.4122	0.0000	0.0000	0.000	0.200	7.40
0	0	0.4217	0.0000	0.0000	0.000	0.200	7.40
0	0	0.4061	0.0000	0.0000	0.000	0.200	7.40
0	0	0.4211	0.0000	0.0000	0.000	0.200	7.40
0	0	0.4299	0.0000	0.0000	0.000	0.200	7.40
0	0	0.4195	0.0000	0.0000	0.000	0.200	7.40
0	0	0.4268	0.0000	0.0000	0.000	0.200	7.40
0	0	0.4216	0.0000	0.0000	0.000	0.200	7.40
0	0	0.4340	0.0000	0.0000	0.000	0.200	7.40
0	0	0.4339	0.0000	0.0000	0.000	0.200	7.40
0	0	0.4059	0.0000	0.0000	0.000	0.200	7.40
0	0	0.4254	0.0000	0.0000	0.000	0.200	7.40
0	0	0.4047	0.0000	0.0000	0.000	0.200	7.40
0	0	0.4080	0.0000	0.0000	0.000	0.200	7.40
0	0	0.4064	0.0000	0.0000	0.000	0.200	7.40
0	0	0.4098	0.0000	0.0000	0.000	0.200	7.40
0	0	0.4121	0.0000	0.0000	0.000	0.200	7.40
0	0	0.4255	0.0000	0.0000	0.000	0.200	7.40
0	0	0.3878	0.0000	0.0000	0.000	0.200	7.40
0	0	0.4138	0.0000	0.0000	0.000	0.200	7.40
0	0	0.4142	0.0000	0.0000	0.000	0.200	7.40
0	0	0.4302	0.0000	0.0000	0.000	0.200	7.40
0	0	0.4141	0.0000	0.0000	0.000	0.200	7.40
0	0	0.4118	0.0000	0.0000	0.000	0.200	7.40
0	0	0.4114	0.0000	0.0000	0.000	0.200	7.40
0	0	0.4157	0.0000	0.0000	0.000	0.200	7.40
0	0	0.4172	0.0000	0.0000	0.000	0.200	7.40
0	0	0.4440	0.0000	0.0000	0.000	0.200	7.40
0	0	0.4451	0.0000	0.0000	0.000	0.200	7.40
0	0	0.4068	0.0000	0.0000	0.000	0.200	7.40
0	0	0.4146	0.0000	0.0000	0.000	0.200	7.40
0	0	0.4193	0.0000	0.0000	0.000	0.200	7.40
0	0	0.4307	0.0000	0.0000	0.000	0.200	7.40
0	0	0.4156	0.0000	0.0000	0.000	0.200	7.40
0	0	0.4266	0.0000	0.0000	0.000	0.200	7.40
0	0	0.4282	0.0000	0.0000	0.000	0.200	7.40
0	0	0.4117	0.0000	0.0000	0.000	0.200	7.40
0	0	0.4265	0.0000	0.0000	0.000	0.200	7.40
0	0	0.4085	0.0000	0.0000	0.000	0.200	7.40
0	0	0.4311	0.0000	0.0000	0.000	0.200	7.40
0	0	0.4267	0.0000	0.0000	0.000	0.200	7.40
0	0	0.4173	0.0000	0.0000	0.000	0.200	7.40
0	0	0.4284	0.0000	0.0000	0.000	0.200	7.40
0	0	0.4122	0.0000	0.0000	0.000	0.200	7.40
0	0	0.4280	0.0000	0.0000	0.000	0.200	7.40
0	0	0.4239	0.0000	0.0000	0.000	0.200	7.40
0	0	0.4206	0.0000	0.0000	0.000	0.200	7.40
0	0	0.4180	0.0000	0.0000	0.000	0.200	7.40
0	0	0.4221	0.0000	0.0000	0.000	0.200	7.40
0	0	0.4225	0.0000	0.0000	0.000	0.200	7.40
0	0	0.4304	0.0000	0.0000	0.000	0.200	7.40
0	0	0.4141	0.0000	0.0000	0.000	0.200	7.40
0	0	0.4268	0.0000	0.0000	0.000	0.200	7.40
0	0	0.4172	0.0000	0.0000	0.000	0.200	7.40
0	0	0.4112	0.0000	0.0000	0.000	0.200	7.40
0	0	0.4236	0.0000	0.0000	0.000	0.200	7.40
0	0	0.4375	0.0000	0.0000	0.000	0.200	7.40
0	0	0.4439	0.0000	0.0000	0.000	0.200	7.40
0	0	0.4303	0.0000	0.0000	0.000	0.200	7.40
0	0	0.4283	0.0000	0.0000	0.000	0.200	7.40
0	0	0.4340	0.0000	0.0000	0.000	0.200	7.40
0	0	0.4082	0.0000	0.0000	0.000	0.200	7.40
0	0	0.4231	0.0000	0.0000	0.000	0.200	7.40
0	0	0.4273	0.0000	0.0000	0.000	0.200	7.40
0	0	0.3988	0.0000	0.0000	0.000	0.200	7.40
0	0	0.4323	0.0000	0.0000	0.000	0.200	7.40
0	0	0.4228	0.0000	0.0000	0.000	0.200	7.40
0	0	0.4235	0.0000	0.0000	0.000	0.200	7.40
0	0	0.4284	0.0000	0.0000	0.000	0.200	7.40
0	0	0.4094	0.0000	0.0000	0.000	0.200	7.40
0	0	0.4277	0.0000	0.0000	0.000	0.200	7.40
0	0	0.4376	0.0000	0.0000	0.000	0.200	7.40
0	0	0.4203	0.0000	0.0000	0.000	0.200	7.40
0	0	0.4326	0.0000	0.0000	0.000	0.200	7.40
0	0	0.4226	0.0000	0.0000	0.000	0.200	7.40
0	0	0.4115	0.0000	0.0000	0.000	0.200	7.40
0	0	0.4346	0.0000	0.0000	0.000	0.200	7.40
0	0	0.4438	0.0000	0.0000	0.000	0.200	7.40
0	0	0.4330	0.0000	0.0000	0.000	0.200	7.40
0	0	0.4397	0.0000	0.0000	0.000	0.200	7.40
0	0	0.4339	0.0000	0.0000	0.000	0.200	7.40
0	0	0.4309	0.0000	0.0000	0.000	0.200	7.40
0	0	0.4272	0.0000	0.0000	0.000	0.200	7.40
0	0	0.4503	0.0000	0.0000	0.000	0.200	7.40
0	0	0.4237	0.0000	0.0000	0.000	0.200	7.40
0	0	0.4305	0.0000	0.0000	0.000	0.200	7.40
0	0	0.4076	0.0000	0.0000	0.000	0.200	7.40
0	0	0.4253	0.0000	0.0000	0.000	0.200	7.40
0	0	0.4362	0.0000	0.0000	0.000	0.200	7.40
0	0	0.4277	0.0000	0.0000	0.000	0.200	7.40
0	0	0.4157	0.0000	0.0000	0.000	0.200	7.40
0	0	0.4228	0.0000	0.0000	0.000	0.200	7.40
0	0	0.4236	0.0000	0.0000	0.000	0.200	7.40
0	0	0.4167	0.0000	0.0000	0.000	0.200	7.40
0	0	0.4340	0.0000	0.0000	0.000	0.200	7.40
0	0	0.4407	0.0000	0.0000	0.000	0.200	7.40
0	0	0.4011	0.0000	0.0000	0.000	0.200	7.40
0	0	0.4192	0.0000	0.0000	0.000	0.200	7.40
0	0	0.4210	0.0000	0.0000	0.000	0.200	7.40
0	0	0.4329	0.0000	0.0000	0.000	0.200	7.40
0	0	0.4145	0.0000	0.0000	0.000	0.200	7.40
0	0	0.4095	0.0000	0.0000	0.000	0.200	7.40
0	0	0.4183	0.0000	0.0000	0.000	0.200	7.40
0	0	0.4152	0.0000	0.0000	0.000	0.200	7.40
0	0	0.4293	0.0000	0.0000	0.000	0.200	7.40
0	0	0.4200	0.0000	0.0000	0.000	0.200	7.40
0	0	0.4195	0.0000	0.0000	0.000	0.200	7.40
0	0	0.4224	0.0000	0.0000	0.000	0.200	7.40
0	0	0.4255	0.0000	0.0000	0.000	0.200	7.40
0	0	0.4248	0.0000	0.0000	0.000	0.200	7.40
0	0	0.4052	0.0000	0.0000	0.000	0.200	7.40
0	0	0.4465	0.0000	0.0000	0.000	0.200	7.40
0	0	0.4327	0.0000	0.0000	0.000	0.200	7.40
0	0	0.4303	0.0000	0.0000	0.000	0.200	7.40
0	0	0.4134	0.0000	0.0000	0.000	0.200	7.40
0	0	0.4182	0.0000	0.0000	0.000	0.200	7.40
0	0	0.4303	0.0000	0.0000	0.000	0.200	7.40
0	0	0.4223	0.0000	0.0000	0.000	0.200	7.40
0	0	0.4149	0.0000	0.0000	0.000	0.200	7.40
0	0	0.4104	0.0000	0.0000	0.000	0.200	7.40
0	0	0.4223	0.0000	0.0000	0.000	0.200	7.40
0	0	0.4294	0.0000	0.0000	0.000	0.200	7.40
0	0	0.4274	0.0000	0.0000	0.000	0.200	7.40
0	0	0.4299	0.0000	0.0000	0.000	0.200	7.40
0	0	0.4227	0.0000	0.0000	0.000	0.200	7.40
0	0	0.4300	0.0000	0.0000	0.000	0.200	7.40
0	0	0.4273	0.0000	0.0000	0.000	0.200	7.40
0	0	0.4409	0.0000	0.0000	0.000	0.200	7.40
0	0	0.4076	0.0000	0.0000	0.000	0.200	7.40
0	0	0.4292	0.0000	0.0000	0.000	0.200	7.40
0	0	0.4406	0.0000	0.0000	0.000	0.200	7.40
0	0	0.4445	0.0000	0.0000	0.000	0.200	7.40
0	0	0.4222	0.0000	0.0000	0.000	0.200	7.40
0	0	0.4268	0.0000	0.0000	0.000	0.200	7.40
0	0	0.4332	0.0000	0.0000	0.000	0.200	7.40
0	0	0.4237	0.0000	0.0000	0.000	0.200	7.40
0	0	0.4175	0.0000	0.0000	0.000	0.200	7.40
0	0	0.4253	0.0000	0.0000	0.000	0.200	7.40
0	0	0.4142	0.0000	0.0000	0.000	0.200	7.40
0	0	0.4264	0.0000	0.0000	0.000	0.200	7.40
0	0	0.4177	0.0000	0.0000	0.000	0.200	7.40
0	0	0.4238	0.0000	0.0000	0.000	0.200	7.40
0	0	0.4244	0.0000	0.0000	0.000	0.200	7.40
0	0	0.4240	0.0000	0.0000	0.000	0.200	7.40
0	0	0.4263	0.0000	0.0000	0.000	0.200	7.40
0	0	0.4303	0.0000	0.0000	0.000	0.200	7.40
0	0	0.4301	0.0000	0.0000	0.000	0.200	7.40
0	0	0.4377	0.0000	0.0000	0.000	0.200	7.40
0	0	0.4331	0.0000	0.0000	0.000	0.200	7.40
0	0	0.4350	0.0000	0.0000	0.000	0.200	7.40
0	0	0.4253	0.0000	0.0000	0.000	0.200	7.40
0	0	0.4238	0.0000	0.0000	0.000	0.200	7.40
0	0	0.4335	0.0000	0.0000	0.000	0.200	7.40
0	0	0.4253	0.0000	0.0000	0.000	0.200	7.40
0	0	0.4317	0.0000	0.0000	0.000	0.200	7.40
0	0	0.4256	0.0000	0.0000	0.000	0.200	7.40
0	0	0.4330	0.0000	0.0000	0.000	0.200	7.40
0	0	0.4261	0.0000	0.0000	0.000	0.200	7.40
0	0	0.4268	0.0000	0.0000	0.000	0.200	7.40
0	0	0.4362	0.0000	0.0000	0.000	0.200	7.40
0	0	0.4235	0.0000	0.0000	0.000	0.200	7.40
0	0	0.4109	0.0000	0.0000	0.000	0.200	7.40
0	0	0.4309	0.0000	0.0000	0.000	0.200	7.40
# SYSID END
