# SYSID BEGIN dir=0 duty=0.250 samples=1000 dt=0.001 vbat=7.40
# enc[0]	enc[1]	gyro.z	accel.y	angular_accel	u.tra	u.rot	vbat
0	0	0.0000	0.0000	0.0000	0.250	0.000	7.40
0	0	0.0000	0.0000	0.0000	0.250	0.000	7.40
0	0	0.0000	0.0000	0.0000	0.250	0.000	7.40
0	0	0.0000	0.0000	0.0000	0.250	0.000	7.40
0	0	0.0000	0.0000	0.0000	0.250	0.000	7.40
0	0	0.0000	0.0000	0.0000	0.250	0.000	7.40
0	0	0.0000	0.0000	0.0000	0.250	0.000	7.40
0	0	0.0000	0.0000	0.0000	0.250	0.000	7.40
0	0	0.0000	0.0000	0.0000	0.250	0.000	7.40
0	0	0.0000	0.0000	0.0000	0.250	0.000	7.40
1	1	0.0000	0.0000	0.0000	0.250	0.000	7.40
1	1	0.0000	0.0000	0.0000	0.250	0.000	7.40
1	1	0.0000	0.0000	0.0000	0.250	0.000	7.40
1	1	0.0000	0.0000	0.0000	0.250	0.000	7.40
2	2	0.0000	0.0000	0.0000	0.250	0.000	7.40
2	2	0.0000	0.0000	0.0000	0.250	0.000	7.40
2	2	0.0000	0.0000	0.0000	0.250	0.000	7.40
2	2	0.0000	0.0000	0.0000	0.250	0.000	7.40
3	3	0.0000	0.0000	0.0000	0.250	0.000	7.40
3	3	0.0000	0.0000	0.0000	0.250	0.000	7.40
4	4	0.0000	0.0000	0.0000	0.250	0.000	7.40
4	4	0.0000	0.0000	0.0000	0.250	0.000	7.40
4	4	0.0000	0.0000	0.0000	0.250	0.000	7.40
5	5	0.0000	0.0000	0.0000	0.250	0.000	7.40
5	5	0.0000	0.0000	0.0000	0.250	0.000	7.40
6	6	0.0000	0.0000	0.0000	0.250	0.000	7.40
6	6	0.0000	0.0000	0.0000	0.250	0.000	7.40
7	7	0.0000	0.0000	0.0000	0.250	0.000	7.40
7	7	0.0000	0.0000	0.0000	0.250	0.000	7.40
8	8	0.0000	0.0000	0.0000	0.250	0.000	7.40
8	8	0.0000	0.0000	0.0000	0.250	0.000	7.40
9	9	0.0000	0.0000	0.0000	0.250	0.000	7.40
9	9	0.0000	0.0000	0.0000	0.250	0.000	7.40
10	10	0.0000	0.0000	0.0000	0.250	0.000	7.40
10	10	0.0000	0.0000	0.0000	0.250	0.000	7.40
11	11	0.0000	0.0000	0.0000	0.250	0.000	7.40
12	12	0.0000	0.0000	0.0000	0.250	0.000	7.40
12	12	0.0000	0.0000	0.0000	0.250	0.000	7.40
13	13	0.0000	0.0000	0.0000	0.250	0.000	7.40
14	14	0.0000	0.0000	0.0000	0.250	0.000	7.40
14	14	0.0000	0.0000	0.0000	0.250	0.000	7.40
15	15	0.0000	0.0000	0.0000	0.250	0.000	7.40
16	16	0.0000	0.0000	0.0000	0.250	0.000	7.40
17	17	0.0000	0.0000	0.0000	0.250	0.000	7.40
17	17	0.0000	0.0000	0.0000	0.250	0.000	7.40
18	18	0.0000	0.0000	0.0000	0.250	0.000	7.40
19	19	0.0000	0.0000	0.0000	0.250	0.000	7.40
20	20	0.0000	0.0000	0.0000	0.250	0.000	7.40
21	21	0.0000	0.0000	0.0000	0.250	0.000	7.40
22	22	0.0000	0.0000	0.0000	0.250	0.000	7.40
22	22	0.0000	0.0000	0.0000	0.250	0.000	7.40
23	23	0.0000	0.0000	0.0000	0.250	0.000	7.40
24	24	0.0000	0.0000	0.0000	0.250	0.000	7.40
25	25	0.0000	0.0000	0.0000	0.250	0.000	7.40
26	26	0.0000	0.0000	0.0000	0.250	0.000	7.40
27	27	0.0000	0.0000	0.0000	0.250	0.000	7.40
28	28	0.0000	0.0000	0.0000	0.250	0.000	7.40
29	29	0.0000	0.0000	0.0000	0.250	0.000	7.40
30	30	0.0000	0.0000	0.0000	0.250	0.000	7.40
31	31	0.0000	0.0000	0.0000	0.250	0.000	7.40
32	32	0.0000	0.0000	0.0000	0.250	0.000	7.40
33	33	0.0000	0.0000	0.0000	0.250	0.000	7.40
34	34	0.0000	0.0000	0.0000	0.250	0.000	7.40
35	35	0.0000	0.0000	0.0000	0.250	0.000	7.40
36	36	0.0000	0.0000	0.0000	0.250	0.000	7.40
37	37	0.0000	0.0000	0.0000	0.250	0.000	7.40
38	38	0.0000	0.0000	0.0000	0.250	0.000	7.40
39	39	0.0000	0.0000	0.0000	0.250	0.000	7.40
41	41	0.0000	0.0000	0.0000	0.250	0.000	7.40
42	42	0.0000	0.0000	0.0000	0.250	0.000	7.40
43	43	0.0000	0.0000	0.0000	0.250	0.000	7.40
44	44	0.0000	0.0000	0.0000	0.250	0.000	7.40
45	45	0.0000	0.0000	0.0000	0.250	0.000	7.40
47	47	0.0000	0.0000	0.0000	0.250	0.000	7.40
48	48	0.0000	0.0000	0.0000	0.250	0.000	7.40
49	49	0.0000	0.0000	0.0000	0.250	0.000	7.40
50	50	0.0000	0.0000	0.0000	0.250	0.000	7.40
52	52	0.0000	0.0000	0.0000	0.250	0.000	7.40
53	53	0.0000	0.0000	0.0000	0.250	0.000	7.40
54	54	0.0000	0.0000	0.0000	0.250	0.000	7.40
56	56	0.0000	0.0000	0.0000	0.250	0.000	7.40
57	57	0.0000	0.0000	0.0000	0.250	0.000	7.40
58	58	0.0000	0.0000	0.0000	0.250	0.000	7.40
60	60	0.0000	0.0000	0.0000	0.250	0.000	7.40
61	61	0.0000	0.0000	0.0000	0.250	0.000	7.40
62	62	0.0000	0.0000	0.0000	0.250	0.000	7.40
64	64	0.0000	0.0000	0.0000	0.250	0.000	7.40
65	65	0.0000	0.0000	0.0000	0.250	0.000	7.40
67	67	0.0000	0.0000	0.0000	0.250	0.000	7.40
68	68	0.0000	0.0000	0.0000	0.250	0.000	7.40
70	70	0.0000	0.0000	0.0000	0.250	0.000	7.40
71	71	0.0000	0.0000	0.0000	0.250	0.000	7.40
72	72	0.0000	0.0000	0.0000	0.250	0.000	7.40
74	74	0.0000	0.0000	0.0000	0.250	0.000	7.40
75	75	0.0000	0.0000	0.0000	0.250	0.000	7.40
77	77	0.0000	0.0000	0.0000	0.250	0.000	7.40
78	78	0.0000	0.0000	0.0000	0.250	0.000	7.40
80	80	0.0000	0.0000	0.0000	0.250	0.000	7.40
82	82	0.0000	0.0000	0.0000	0.250	0.000	7.40
83	83	0.0000	0.0000	0.0000	0.250	0.000	7.40
85	85	0.0000	0.0000	0.0000	0.250	0.000	7.40
86	86	0.0000	0.0000	0.0000	0.250	0.000	7.40
88	88	0.0000	0.0000	0.0000	0.250	0.000	7.40
90	90	0.0000	0.0000	0.0000	0.250	0.000	7.40
91	91	0.0000	0.0000	0.0000	0.250	0.000	7.40
93	93	0.0000	0.0000	0.0000	0.250	0.000	7.40
95	95	0.0000	0.0000	0.0000	0.250	0.000	7.40
96	96	0.0000	0.0000	0.0000	0.250	0.000	7.40
98	98	0.0000	0.0000	0.0000	0.250	0.000	7.40
100	100	0.0000	0.0000	0.0000	0.250	0.000	7.40
101	101	0.0000	0.0000	0.0000	0.250	0.000	7.40
103	103	0.0000	0.0000	0.0000	0.250	0.000	7.40
105	105	0.0000	0.0000	0.0000	0.250	0.000	7.40
107	107	0.0000	0.0000	0.0000	0.250	0.000	7.40
109	109	0.0000	0.0000	0.0000	0.250	0.000	7.40
110	110	0.0000	0.0000	0.0000	0.250	0.000	7.40
112	112	0.0000	0.0000	0.0000	0.250	0.000	7.40
114	114	0.0000	0.0000	0.0000	0.250	0.000	7.40
116	116	0.0000	0.0000	0.0000	0.250	0.000	7.40
118	118	0.0000	0.0000	0.0000	0.250	0.000	7.40
120	120	0.0000	0.0000	0.0000	0.250	0.000	7.40
121	121	0.0000	0.0000	0.0000	0.250	0.000	7.40
123	123	0.0000	0.0000	0.0000	0.250	0.000	7.40
125	125	0.0000	0.0000	0.0000	0.250	0.000	7.40
127	127	0.0000	0.0000	0.0000	0.250	0.000	7.40
129	129	0.0000	0.0000	0.0000	0.250	0.000	7.40
131	131	0.0000	0.0000	0.0000	0.250	0.000	7.40
133	133	0.0000	0.0000	0.0000	0.250	0.000	7.40
135	135	0.0000	0.0000	0.0000	0.250	0.000	7.40
137	137	0.0000	0.0000	0.0000	0.250	0.000	7.40
139	139	0.0000	0.0000	0.0000	0.250	0.000	7.40
141	141	0.0000	0.0000	0.0000	0.250	0.000	7.40
143	143	0.0000	0.0000	0.0000	0.250	0.000	7.40
145	145	0.0000	0.0000	0.0000	0.250	0.000	7.40
147	147	0.0000	0.0000	0.0000	0.250	0.000	7.40
149	149	0.0000	0.0000	0.0000	0.250	0.000	7.40
151	151	0.0000	0.0000	0.0000	0.250	0.000	7.40
153	153	0.0000	0.0000	0.0000	0.250	0.000	7.40
155	155	0.0000	0.0000	0.0000	0.250	0.000	7.40
157	157	0.0000	0.0000	0.0000	0.250	0.000	7.40
159	159	0.0000	0.0000	0.0000	0.250	0.000	7.40
161	161	0.0000	0.0000	0.0000	0.250	0.000	7.40
163	163	0.0000	0.0000	0.0000	0.250	0.000	7.40
166	166	0.0000	0.0000	0.0000	0.250	0.000	7.40
168	168	0.0000	0.0000	0.0000	0.250	0.000	7.40
170	170	0.0000	0.0000	0.0000	0.250	0.000	7.40
172	172	0.0000	0.0000	0.0000	0.250	0.000	7.40
174	174	0.0000	0.0000	0.0000	0.250	0.000	7.40
177	177	0.0000	0.0000	0.0000	0.250	0.000	7.40
179	179	0.0000	0.0000	0.0000	0.250	0.000	7.40
181	181	0.0000	0.0000	0.0000	0.250	0.000	7.40
183	183	0.0000	0.0000	0.0000	0.250	0.000	7.40
185	185	0.0000	0.0000	0.0000	0.250	0.000	7.40
188	188	0.0000	0.0000	0.0000	0.250	0.000	7.40
190	190	0.0000	0.0000	0.0000	0.250	0.000	7.40
192	192	0.0000	0.0000	0.0000	0.250	0.000	7.40
195	195	0.0000	0.0000	0.0000	0.250	0.000	7.40
197	197	0.0000	0.0000	0.0000	0.250	0.000	7.40
199	199	0.0000	0.0000	0.0000	0.250	0.000	7.40
201	201	0.0000	0.0000	0.0000	0.250	0.000	7.40
204	204	0.0000	0.0000	0.0000	0.250	0.000	7.40
206	206	0.0000	0.0000	0.0000	0.250	0.000	7.40
208	208	0.0000	0.0000	0.0000	0.250	0.000	7.40
211	211	0.0000	0.0000	0.0000	0.250	0.000	7.40
213	213	0.0000	0.0000	0.0000	0.250	0.000	7.40
215	215	0.0000	0.0000	0.0000	0.250	0.000	7.40
218	218	0.0000	0.0000	0.0000	0.250	0.000	7.40
220	220	0.0000	0.0000	0.0000	0.250	0.000	7.40
223	223	0.0000	0.0000	0.0000	0.250	0.000	7.40
225	225	0.0000	0.0000	0.0000	0.250	0.000	7.40
228	228	0.0000	0.0000	0.0000	0.250	0.000	7.40
230	230	0.0000	0.0000	0.0000	0.250	0.000	7.40
233	233	0.0000	0.0000	0.0000	0.250	0.000	7.40
235	235	0.0000	0.0000	0.0000	0.250	0.000	7.40
237	237	0.0000	0.0000	0.0000	0.250	0.000	7.40
240	240	0.0000	0.0000	0.0000	0.250	0.000	7.40
242	242	0.0000	0.0000	0.0000	0.250	0.000	7.40
245	245	0.0000	0.0000	0.0000	0.250	0.000	7.40
248	248	0.0000	0.0000	0.0000	0.250	0.000	7.40
250	250	0.0000	0.0000	0.0000	0.250	0.000	7.40
253	253	0.0000	0.0000	0.0000	0.250	0.000	7.40
255	255	0.0000	0.0000	0.0000	0.250	0.000	7.40
258	258	0.0000	0.0000	0.0000	0.250	0.000	7.40
260	260	0.0000	0.0000	0.0000	0.250	0.000	7.40
263	263	0.0000	0.0000	0.0000	0.250	0.000	7.40
266	266	0.0000	0.0000	0.0000	0.250	0.000	7.40
268	268	0.0000	0.0000	0.0000	0.250	0.000	7.40
271	271	0.0000	0.0000	0.0000	0.250	0.000	7.40
273	273	0.0000	0.0000	0.0000	0.250	0.000	7.40
276	276	0.0000	0.0000	0.0000	0.250	0.000	7.40
279	279	0.0000	0.0000	0.0000	0.250	0.000	7.40
281	281	0.0000	0.0000	0.0000	0.250	0.000	7.40
284	284	0.0000	0.0000	0.0000	0.250	0.000	7.40
287	287	0.0000	0.0000	0.0000	0.250	0.000	7.40
289	289	0.0000	0.0000	0.0000	0.250	0.000	7.40
292	292	0.0000	0.0000	0.0000	0.250	0.000	7.40
295	295	0.0000	0.0000	0.0000	0.250	0.000	7.40
297	297	0.0000	0.0000	0.0000	0.250	0.000	7.40
300	300	0.0000	0.0000	0.0000	0.250	0.000	7.40
303	303	0.0000	0.0000	0.0000	0.250	0.000	7.40
306	306	0.0000	0.0000	0.0000	0.250	0.000	7.40
308	308	0.0000	0.0000	0.0000	0.250	0.000	7.40
311	311	0.0000	0.0000	0.0000	0.250	0.000	7.40
314	314	0.0000	0.0000	0.0000	0.250	0.000	7.40
317	317	0.0000	0.0000	0.0000	0.250	0.000	7.40
320	320	0.0000	0.0000	0.0000	0.250	0.000	7.40
322	322	0.0000	0.0000	0.0000	0.250	0.000	7.40
325	325	0.0000	0.0000	0.0000	0.250	0.000	7.40
328	328	0.0000	0.0000	0.0000	0.250	0.000	7.40
331	331	0.0000	0.0000	0.0000	0.250	0.000	7.40
334	334	0.0000	0.0000	0.0000	0.250	0.000	7.40
337	337	0.0000	0.0000	0.0000	0.250	0.000	7.40
339	339	0.0000	0.0000	0.0000	0.250	0.000	7.40
342	342	0.0000	0.0000	0.0000	0.250	0.000	7.40
345	345	0.0000	0.0000	0.0000	0.250	0.000	7.40
348	348	0.0000	0.0000	0.0000	0.250	0.000	7.40
351	351	0.0000	0.0000	0.0000	0.250	0.000	7.40
354	354	0.0000	0.0000	0.0000	0.250	0.000	7.40
357	357	0.0000	0.0000	0.0000	0.250	0.000	7.40
360	360	0.0000	0.0000	0.0000	0.250	0.000	7.40
363	363	0.0000	0.0000	0.0000	0.250	0.000	7.40
366	366	0.0000	0.0000	0.0000	0.250	0.000	7.40
369	369	0.0000	0.0000	0.0000	0.250	0.000	7.40
371	371	0.0000	0.0000	0.0000	0.250	0.000	7.40
374	374	0.0000	0.0000	0.0000	0.250	0.000	7.40
377	377	0.0000	0.0000	0.0000	0.250	0.000	7.40
380	380	0.0000	0.0000	0.0000	0.250	0.000	7.40
383	383	0.0000	0.0000	0.0000	0.250	0.000	7.40
386	386	0.0000	0.0000	0.0000	0.250	0.000	7.40
389	389	0.0000	0.0000	0.0000	0.250	0.000	7.40
392	392	0.0000	0.0000	0.0000	0.250	0.000	7.40
395	395	0.0000	0.0000	0.0000	0.250	0.000	7.40
398	398	0.0000	0.0000	0.0000	0.250	0.000	7.40
401	401	0.0000	0.0000	0.0000	0.250	0.000	7.40
405	405	0.0000	0.0000	0.0000	0.250	0.000	7.40
408	408	0.0000	0.0000	0.0000	0.250	0.000	7.40
411	411	0.0000	0.0000	0.0000	0.250	0.000	7.40
414	414	0.0000	0.0000	0.0000	0.250	0.000	7.40
417	417	0.0000	0.0000	0.0000	0.250	0.000	7.40
420	420	0.0000	0.0000	0.0000	0.250	0.000	7.40
423	423	0.0000	0.0000	0.0000	0.250	0.000	7.40
426	426	0.0000	0.0000	0.0000	0.250	0.000	7.40
429	429	0.0000	0.0000	0.0000	0.250	0.000	7.40
432	432	0.0000	0.0000	0.0000	0.250	0.000	7.40
435	435	0.0000	0.0000	0.0000	0.250	0.000	7.40
439	439	0.0000	0.0000	0.0000	0.250	0.000	7.40
442	442	0.0000	0.0000	0.0000	0.250	0.000	7.40
445	445	0.0000	0.0000	0.0000	0.250	0.000	7.40
448	448	0.0000	0.0000	0.0000	0.250	0.000	7.40
451	451	0.0000	0.0000	0.0000	0.250	0.000	7.40
455	455	0.0000	0.0000	0.0000	0.250	0.000	7.40
458	458	0.0000	0.0000	0.0000	0.250	0.000	7.40
461	461	0.0000	0.0000	0.0000	0.250	0.000	7.40
464	464	0.0000	0.0000	0.0000	0.250	0.000	7.40
467	467	0.0000	0.0000	0.0000	0.250	0.000	7.40
471	471	0.0000	0.0000	0.0000	0.250	0.000	7.40
474	474	0.0000	0.0000	0.0000	0.250	0.000	7.40
477	477	0.0000	0.0000	0.0000	0.250	0.000	7.40
480	480	0.0000	0.0000	0.0000	0.250	0.000	7.40
484	484	0.0000	0.0000	0.0000	0.250	0.000	7.40
487	487	0.0000	0.0000	0.0000	0.250	0.000	7.40
490	490	0.0000	0.0000	0.0000	0.250	0.000	7.40
493	493	0.0000	0.0000	0.0000	0.250	0.000	7.40
497	497	0.0000	0.0000	0.0000	0.250	0.000	7.40
500	500	0.0000	0.0000	0.0000	0.250	0.000	7.40
503	503	0.0000	0.0000	0.0000	0.250	0.000	7.40
507	507	0.0000	0.0000	0.0000	0.250	0.000	7.40
510	510	0.0000	0.0000	0.0000	0.250	0.000	7.40
513	513	0.0000	0.0000	0.0000	0.250	0.000	7.40
517	517	0.0000	0.0000	0.0000	0.250	0.000	7.40
520	520	0.0000	0.0000	0.0000	0.250	0.000	7.40
523	523	0.0000	0.0000	0.0000	0.250	0.000	7.40
527	527	0.0000	0.0000	0.0000	0.250	0.000	7.40
530	530	0.0000	0.0000	0.0000	0.250	0.000	7.40
533	533	0.0000	0.0000	0.0000	0.250	0.000	7.40
537	537	0.0000	0.0000	0.0000	0.250	0.000	7.40
540	540	0.0000	0.0000	0.0000	0.250	0.000	7.40
544	544	0.0000	0.0000	0.0000	0.250	0.000	7.40
547	547	0.0000	0.0000	0.0000	0.250	0.000	7.40
551	551	0.0000	0.0000	0.0000	0.250	0.000	7.40
554	554	0.0000	0.0000	0.0000	0.250	0.000	7.40
557	557	0.0000	0.0000	0.0000	0.250	0.000	7.40
561	561	0.0000	0.0000	0.0000	0.250	0.000	7.40
564	564	0.0000	0.0000	0.0000	0.250	0.000	7.40
568	568	0.0000	0.0000	0.0000	0.250	0.000	7.40
571	571	0.0000	0.0000	0.0000	0.250	0.000	7.40
575	575	0.0000	0.0000	0.0000	0.250	0.000	7.40
578	578	0.0000	0.0000	0.0000	0.250	0.000	7.40
582	582	0.0000	0.0000	0.0000	0.250	0.000	7.40
585	585	0.0000	0.0000	0.0000	0.250	0.000	7.40
589	589	0.0000	0.0000	0.0000	0.250	0.000	7.40
592	592	0.0000	0.0000	0.0000	0.250	0.000	7.40
596	596	0.0000	0.0000	0.0000	0.250	0.000	7.40
599	599	0.0000	0.0000	0.0000	0.250	0.000	7.40
603	603	0.0000	0.0000	0.0000	0.250	0.000	7.40
606	606	0.0000	0.0000	0.0000	0.250	0.000	7.40
610	610	0.0000	0.0000	0.0000	0.250	0.000	7.40
613	613	0.0000	0.0000	0.0000	0.250	0.000	7.40
617	617	0.0000	0.0000	0.0000	0.250	0.000	7.40
620	620	0.0000	0.0000	0.0000	0.250	0.000	7.40
624	624	0.0000	0.0000	0.0000	0.250	0.000	7.40
627	627	0.0000	0.0000	0.0000	0.250	0.000	7.40
631	631	0.0000	0.0000	0.0000	0.250	0.000	7.40
634	634	0.0000	0.0000	0.0000	0.250	0.000	7.40
638	638	0.0000	0.0000	0.0000	0.250	0.000	7.40
642	642	0.0000	0.0000	0.0000	0.250	0.000	7.40
645	645	0.0000	0.0000	0.0000	0.250	0.000	7.40
649	649	0.0000	0.0000	0.0000	0.250	0.000	7.40
653	653	0.0000	0.0000	0.0000	0.250	0.000	7.40
656	656	0.0000	0.0000	0.0000	0.250	0.000	7.40
660	660	0.0000	0.0000	0.0000	0.250	0.000	7.40
663	663	0.0000	0.0000	0.0000	0.250	0.000	7.40
667	667	0.0000	0.0000	0.0000	0.250	0.000	7.40
671	671	0.0000	0.0000	0.0000	0.250	0.000	7.40
674	674	0.0000	0.0000	0.0000	0.250	0.000	7.40
678	678	0.0000	0.0000	0.0000	0.250	0.000	7.40
682	682	0.0000	0.0000	0.0000	0.250	0.000	7.40
685	685	0.0000	0.0000	0.0000	0.250	0.000	7.40
689	689	0.0000	0.0000	0.0000	0.250	0.000	7.40
693	693	0.0000	0.0000	0.0000	0.250	0.000	7.40
696	696	0.0000	0.0000	0.0000	0.250	0.000	7.40
700	700	0.0000	0.0000	0.0000	0.250	0.000	7.40
704	704	0.0000	0.0000	0.0000	0.250	0.000	7.40
708	708	0.0000	0.0000	0.0000	0.250	0.000	7.40
711	711	0.0000	0.0000	0.0000	0.250	0.000	7.40
715	715	0.0000	0.0000	0.0000	0.250	0.000	7.40
719	719	0.0000	0.0000	0.0000	0.250	0.000	7.40
723	723	0.0000	0.0000	0.0000	0.250	0.000	7.40
726	726	0.0000	0.0000	0.0000	0.250	0.000	7.40
730	730	0.0000	0.0000	0.0000	0.250	0.000	7.40
734	734	0.0000	0.0000	0.0000	0.250	0.000	7.40
738	738	0.0000	0.0000	0.0000	0.250	0.000	7.40
741	741	0.0000	0.0000	0.0000	0.250	0.000	7.40
745	745	0.0000	0.0000	0.0000	0.250	0.000	7.40
749	749	0.0000	0.0000	0.0000	0.250	0.000	7.40
753	753	0.0000	0.0000	0.0000	0.250	0.000	7.40
757	757	0.0000	0.0000	0.0000	0.250	0.000	7.40
760	760	0.0000	0.0000	0.0000	0.250	0.000	7.40
764	764	0.0000	0.0000	0.0000	0.250	0.000	7.40
768	768	0.0000	0.0000	0.0000	0.250	0.000	7.40
772	772	0.0000	0.0000	0.0000	0.250	0.000	7.40
776	776	0.0000	0.0000	0.0000	0.250	0.000	7.40
780	780	0.0000	0.0000	0.0000	0.250	0.000	7.40
783	783	0.0000	0.0000	0.0000	0.250	0.000	7.40
787	787	0.0000	0.0000	0.0000	0.250	0.000	7.40
791	791	0.0000	0.0000	0.0000	0.250	0.000	7.40
795	795	0.0000	0.0000	0.0000	0.250	0.000	7.40
799	799	0.0000	0.0000	0.0000	0.250	0.000	7.40
803	803	0.0000	0.0000	0.0000	0.250	0.000	7.40
807	807	0.0000	0.0000	0.0000	0.250	0.000	7.40
811	811	0.0000	0.0000	0.0000	0.250	0.000	7.40
814	814	0.0000	0.0000	0.0000	0.250	0.000	7.40
818	818	0.0000	0.0000	0.0000	0.250	0.000	7.40
822	822	0.0000	0.0000	0.0000	0.250	0.000	7.40
826	826	0.0000	0.0000	0.0000	0.250	0.000	7.40
830	830	0.0000	0.0000	0.0000	0.250	0.000	7.40
834	834	0.0000	0.0000	0.0000	0.250	0.000	7.40
838	838	0.0000	0.0000	0.0000	0.250	0.000	7.40
842	842	0.0000	0.0000	0.0000	0.250	0.000	7.40
846	846	0.0000	0.0000	0.0000	0.250	0.000	7.40
850	850	0.0000	0.0000	0.0000	0.250	0.000	7.40
854	854	0.0000	0.0000	0.0000	0.250	0.000	7.40
858	858	0.0000	0.0000	0.0000	0.250	0.000	7.40
861	861	0.0000	0.0000	0.0000	0.250	0.000	7.40
865	865	0.0000	0.0000	0.0000	0.250	0.000	7.40
869	869	0.0000	0.0000	0.0000	0.250	0.000	7.40
873	873	0.0000	0.0000	0.0000	0.250	0.000	7.40
877	877	0.0000	0.0000	0.0000	0.250	0.000	7.40
881	881	0.0000	0.0000	0.0000	0.250	0.000	7.40
885	885	0.0000	0.0000	0.0000	0.250	0.000	7.40
889	889	0.0000	0.0000	0.0000	0.250	0.000	7.40
893	893	0.0000	0.0000	0.0000	0.250	0.000	7.40
897	897	0.0000	0.0000	0.0000	0.250	0.000	7.40
901	901	0.0000	0.0000	0.0000	0.250	0.000	7.40
905	905	0.0000	0.0000	0.0000	0.250	0.000	7.40
909	909	0.0000	0.0000	0.0000	0.250	0.000	7.40
913	913	0.0000	0.0000	0.0000	0.250	0.000	7.40
917	917	0.0000	0.0000	0.0000	0.250	0.000	7.40
921	921	0.0000	0.0000	0.0000	0.250	0.000	7.40
926	926	0.0000	0.0000	0.0000	0.250	0.000	7.40
930	930	0.0000	0.0000	0.0000	0.250	0.000	7.40
934	934	0.0000	0.0000	0.0000	0.250	0.000	7.40
938	938	0.0000	0.0000	0.0000	0.250	0.000	7.40
942	942	0.0000	0.0000	0.0000	0.250	0.000	7.40
946	946	0.0000	0.0000	0.0000	0.250	0.000	7.40
950	950	0.0000	0.0000	0.0000	0.250	0.000	7.40
954	954	0.0000	0.0000	0.0000	0.250	0.000	7.40
958	958	0.0000	0.0000	0.0000	0.250	0.000	7.40
962	962	0.0000	0.0000	0.0000	0.250	0.000	7.40
966	966	0.0000	0.0000	0.0000	0.250	0.000	7.40
971	971	0.0000	0.0000	0.0000	0.250	0.000	7.40
975	975	0.0000	0.0000	0.0000	0.250	0.000	7.40
979	979	0.0000	0.0000	0.0000	0.250	0.000	7.40
983	983	0.0000	0.0000	0.0000	0.250	0.000	7.40
987	987	0.0000	0.0000	0.0000	0.250	0.000	7.40
991	991	0.0000	0.0000	0.0000	0.250	0.000	7.40
995	995	0.0000	0.0000	0.0000	0.250	0.000	7.40
999	999	0.0000	0.0000	0.0000	0.250	0.000	7.40
1004	1004	0.0000	0.0000	0.0000	0.250	0.000	7.40
1008	1008	0.0000	0.0000	0.0000	0.250	0.000	7.40
1012	1012	0.0000	0.0000	0.0000	0.250	0.000	7.40
1016	1016	0.0000	0.0000	0.0000	0.250	0.000	7.40
1020	1020	0.0000	0.0000	0.0000	0.250	0.000	7.40
1024	1024	0.0000	0.0000	0.0000	0.250	0.000	7.40
1028	1028	0.0000	0.0000	0.0000	0.250	0.000	7.40
1033	1033	0.0000	0.0000	0.0000	0.250	0.000	7.40
1037	1037	0.0000	0.0000	0.0000	0.250	0.000	7.40
1041	1041	0.0000	0.0000	0.0000	0.250	0.000	7.40
1045	1045	0.0000	0.0000	0.0000	0.250	0.000	7.40
1049	1049	0.0000	0.0000	0.0000	0.250	0.000	7.40
1054	1054	0.0000	0.0000	0.0000	0.250	0.000	7.40
1058	1058	0.0000	0.0000	0.0000	0.250	0.000	7.40
1062	1062	0.0000	0.0000	0.0000	0.250	0.000	7.40
1066	1066	0.0000	0.0000	0.0000	0.250	0.000	7.40
1071	1071	0.0000	0.0000	0.0000	0.250	0.000	7.40
1075	1075	0.0000	0.0000	0.0000	0.250	0.000	7.40
1079	1079	0.0000	0.0000	0.0000	0.250	0.000	7.40
1083	1083	0.0000	0.0000	0.0000	0.250	0.000	7.40
1087	1087	0.0000	0.0000	0.0000	0.250	0.000	7.40
1092	1092	0.0000	0.0000	0.0000	0.250	0.000	7.40
1096	1096	0.0000	0.0000	0.0000	0.250	0.000	7.40
1100	1100	0.0000	0.0000	0.0000	0.250	0.000	7.40
1105	1105	0.0000	0.0000	0.0000	0.250	0.000	7.40
1109	1109	0.0000	0.0000	0.0000	0.250	0.000	7.40
1113	1113	0.0000	0.0000	0.0000	0.250	0.000	7.40
1117	1117	0.0000	0.0000	0.0000	0.250	0.000	7.40
1122	1122	0.0000	0.0000	0.0000	0.250	0.000	7.40
1126	1126	0.0000	0.0000	0.0000	0.250	0.000	7.40
1130	1130	0.0000	0.0000	0.0000	0.250	0.000	7.40
1134	1134	0.0000	0.0000	0.0000	0.250	0.000	7.40
1139	1139	0.0000	0.0000	0.0000	0.250	0.000	7.40
1143	1143	0.0000	0.0000	0.0000	0.250	0.000	7.40
1147	1147	0.0000	0.0000	0.0000	0.250	0.000	7.40
1152	1152	0.0000	0.0000	0.0000	0.250	0.000	7.40
1156	1156	0.0000	0.0000	0.0000	0.250	0.000	7.40
1160	1160	0.0000	0.0000	0.0000	0.250	0.000	7.40
1165	1165	0.0000	0.0000	0.0000	0.250	0.000	7.40
1169	1169	0.0000	0.0000	0.0000	0.250	0.000	7.40
1173	1173	0.0000	0.0000	0.0000	0.250	0.000	7.40
1178	1178	0.0000	0.0000	0.0000	0.250	0.000	7.40
1182	1182	0.0000	0.0000	0.0000	0.250	0.000	7.40
1186	1186	0.0000	0.0000	0.0000	0.250	0.000	7.40
1191	1191	0.0000	0.0000	0.0000	0.250	0.000	7.40
1195	1195	0.0000	0.0000	0.0000	0.250	0.000	7.40
1199	1199	0.0000	0.0000	0.0000	0.250	0.000	7.40
1204	1204	0.0000	0.0000	0.0000	0.250	0.000	7.40
1208	1208	0.0000	0.0000	0.0000	0.250	0.000	7.40
1212	1212	0.0000	0.0000	0.0000	0.250	0.000	7.40
1217	1217	0.0000	0.0000	0.0000	0.250	0.000	7.40
1221	1221	0.0000	0.0000	0.0000	0.250	0.000	7.40
1226	1226	0.0000	0.0000	0.0000	0.250	0.000	7.40
1230	1230	0.0000	0.0000	0.0000	0.250	0.000	7.40
1234	1234	0.0000	0.0000	0.0000	0.250	0.000	7.40
1239	1239	0.0000	0.0000	0.0000	0.250	0.000	7.40
1243	1243	0.0000	0.0000	0.0000	0.250	0.000	7.40
1247	1247	0.0000	0.0000	0.0000	0.250	0.000	7.40
1252	1252	0.0000	0.0000	0.0000	0.250	0.000	7.40
1256	1256	0.0000	0.0000	0.0000	0.250	0.000	7.40
1261	1261	0.0000	0.0000	0.0000	0.250	0.000	7.40
1265	1265	0.0000	0.0000	0.0000	0.250	0.000	7.40
1269	1269	0.0000	0.0000	0.0000	0.250	0.000	7.40
1274	1274	0.0000	0.0000	0.0000	0.250	0.000	7.40
1278	1278	0.0000	0.0000	0.0000	0.250	0.000	7.40
1283	1283	0.0000	0.0000	0.0000	0.250	0.000	7.40
1287	1287	0.0000	0.0000	0.0000	0.250	0.000	7.40
1292	1292	0.0000	0.0000	0.0000	0.250	0.000	7.40
1296	1296	0.0000	0.0000	0.0000	0.250	0.000	7.40
1301	1301	0.0000	0.0000	0.0000	0.250	0.000	7.40
1305	1305	0.0000	0.0000	0.0000	0.250	0.000	7.40
1310	1310	0.0000	0.0000	0.0000	0.250	0.000	7.40
1314	1314	0.0000	0.0000	0.0000	0.250	0.000	7.40
1318	1318	0.0000	0.0000	0.0000	0.250	0.000	7.40
1323	1323	0.0000	0.0000	0.0000	0.250	0.000	7.40
1327	1327	0.0000	0.0000	0.0000	0.250	0.000	7.40
1332	1332	0.0000	0.0000	0.0000	0.250	0.000	7.40
1336	1336	0.0000	0.0000	0.0000	0.250	0.000	7.40
1341	1341	0.0000	0.0000	0.0000	0.250	0.000	7.40
1345	1345	0.0000	0.0000	0.0000	0.250	0.000	7.40
1350	1350	0.0000	0.0000	0.0000	0.250	0.000	7.40
1354	1354	0.0000	0.0000	0.0000	0.250	0.000	7.40
1359	1359	0.0000	0.0000	0.0000	0.250	0.000	7.40
1363	1363	0.0000	0.0000	0.0000	0.250	0.000	7.40
1368	1368	0.0000	0.0000	0.0000	0.250	0.000	7.40
1372	1372	0.0000	0.0000	0.0000	0.250	0.000	7.40
1377	1377	0.0000	0.0000	0.0000	0.250	0.000	7.40
1382	1382	0.0000	0.0000	0.0000	0.250	0.000	7.40
1386	1386	0.0000	0.0000	0.0000	0.250	0.000	7.40
1391	1391	0.0000	0.0000	0.0000	0.250	0.000	7.40
1395	1395	0.0000	0.0000	0.0000	0.250	0.000	7.40
1400	1400	0.0000	0.0000	0.0000	0.250	0.000	7.40
1404	1404	0.0000	0.0000	0.0000	0.250	0.000	7.40
1409	1409	0.0000	0.0000	0.0000	0.250	0.000	7.40
1413	1413	0.0000	0.0000	0.0000	0.250	0.000	7.40
1418	1418	0.0000	0.0000	0.0000	0.250	0.000	7.40
1422	1422	0.0000	0.0000	0.0000	0.250	0.000	7.40
1427	1427	0.0000	0.0000	0.0000	0.250	0.000	7.40
1431	1431	0.0000	0.0000	0.0000	0.250	0.000	7.40
1436	1436	0.0000	0.0000	0.0000	0.250	0.000	7.40
1441	1441	0.0000	0.0000	0.0000	0.250	0.000	7.40
1445	1445	0.0000	0.0000	0.0000	0.250	0.000	7.40
1450	1450	0.0000	0.0000	0.0000	0.250	0.000	7.40
1454	1454	0.0000	0.0000	0.0000	0.250	0.000	7.40
1459	1459	0.0000	0.0000	0.0000	0.250	0.000	7.40
1463	1463	0.0000	0.0000	0.0000	0.250	0.000	7.40
1468	1468	0.0000	0.0000	0.0000	0.250	0.000	7.40
1473	1473	0.0000	0.0000	0.0000	0.250	0.000	7.40
1477	1477	0.0000	0.0000	0.0000	0.250	0.000	7.40
1482	1482	0.0000	0.0000	0.0000	0.250	0.000	7.40
1486	1486	0.0000	0.0000	0.0000	0.250	0.000	7.40
1491	1491	0.0000	0.0000	0.0000	0.250	0.000	7.40
1496	1496	0.0000	0.0000	0.0000	0.250	0.000	7.40
1500	1500	0.0000	0.0000	0.0000	0.250	0.000	7.40
1505	1505	0.0000	0.0000	0.0000	0.250	0.000	7.40
1509	1509	0.0000	0.0000	0.0000	0.250	0.000	7.40
1514	1514	0.0000	0.0000	0.0000	0.250	0.000	7.40
1519	1519	0.0000	0.0000	0.0000	0.250	0.000	7.40
1523	1523	0.0000	0.0000	0.0000	0.250	0.000	7.40
1528	1528	0.0000	0.0000	0.0000	0.250	0.000	7.40
1532	1532	0.0000	0.0000	0.0000	0.250	0.000	7.40
1537	1537	0.0000	0.0000	0.0000	0.250	0.000	7.40
1542	1542	0.0000	0.0000	0.0000	0.250	0.000	7.40
1546	1546	0.0000	0.0000	0.0000	0.250	0.000	7.40
1551	1551	0.0000	0.0000	0.0000	0.250	0.000	7.40
1556	1556	0.0000	0.0000	0.0000	0.250	0.000	7.40
1560	1560	0.0000	0.0000	0.0000	0.250	0.000	7.40
1565	1565	0.0000	0.0000	0.0000	0.250	0.000	7.40
1570	1570	0.0000	0.0000	0.0000	0.250	0.000	7.40
1574	1574	0.0000	0.0000	0.0000	0.250	0.000	7.40
1579	1579	0.0000	0.0000	0.0000	0.250	0.000	7.40
1584	1584	0.0000	0.0000	0.0000	0.250	0.000	7.40
1588	1588	0.0000	0.0000	0.0000	0.250	0.000	7.40
1593	1593	0.0000	0.0000	0.0000	0.250	0.000	7.40
1598	1598	0.0000	0.0000	0.0000	0.250	0.000	7.40
1602	1602	0.0000	0.0000	0.0000	0.250	0.000	7.40
1607	1607	0.0000	0.0000	0.0000	0.250	0.000	7.40
1612	1612	0.0000	0.0000	0.0000	0.250	0.000	7.40
1616	1616	0.0000	0.0000	0.0000	0.250	0.000	7.40
1621	1621	0.0000	0.0000	0.0000	0.250	0.000	7.40
1626	1626	0.0000	0.0000	0.0000	0.250	0.000	7.40
1631	1631	0.0000	0.0000	0.0000	0.250	0.000	7.40
1635	1635	0.0000	0.0000	0.0000	0.250	0.000	7.40
1640	1640	0.0000	0.0000	0.0000	0.250	0.000	7.40
1645	1645	0.0000	0.0000	0.0000	0.250	0.000	7.40
1649	1649	0.0000	0.0000	0.0000	0.250	0.000	7.40
1654	1654	0.0000	0.0000	0.0000	0.250	0.000	7.40
1659	1659	0.0000	0.0000	0.0000	0.250	0.000	7.40
1664	1664	0.0000	0.0000	0.0000	0.250	0.000	7.40
1668	1668	0.0000	0.0000	0.0000	0.250	0.000	7.40
1673	1673	0.0000	0.0000	0.0000	0.250	0.000	7.40
1678	1678	0.0000	0.0000	0.0000	0.250	0.000	7.40
1682	1682	0.0000	0.0000	0.0000	0.250	0.000	7.40
1687	1687	0.0000	0.0000	0.0000	0.250	0.000	7.40
1692	1692	0.0000	0.0000	0.0000	0.250	0.000	7.40
1697	1697	0.0000	0.0000	0.0000	0.250	0.000	7.40
1701	1701	0.0000	0.0000	0.0000	0.250	0.000	7.40
1706	1706	0.0000	0.0000	0.0000	0.250	0.000	7.40
1711	1711	0.0000	0.0000	0.0000	0.250	0.000	7.40
1716	1716	0.0000	0.0000	0.0000	0.250	0.000	7.40
1720	1720	0.0000	0.0000	0.0000	0.250	0.000	7.40
1725	1725	0.0000	0.0000	0.0000	0.250	0.000	7.40
1730	1730	0.0000	0.0000	0.0000	0.250	0.000	7.40
1735	1735	0.0000	0.0000	0.0000	0.250	0.000	7.40
1740	1740	0.0000	0.0000	0.0000	0.250	0.000	7.40
1744	1744	0.0000	0.0000	0.0000	0.250	0.000	7.40
1749	1749	0.0000	0.0000	0.0000	0.250	0.000	7.40
1754	1754	0.0000	0.0000	0.0000	0.250	0.000	7.40
1759	1759	0.0000	0.0000	0.0000	0.250	0.000	7.40
1763	1763	0.0000	0.0000	0.0000	0.250	0.000	7.40
1768	1768	0.0000	0.0000	0.0000	0.250	0.000	7.40
1773	1773	0.0000	0.0000	0.0000	0.250	0.000	7.40
1778	1778	0.0000	0.0000	0.0000	0.250	0.000	7.40
1782	1782	0.0000	0.0000	0.0000	0.250	0.000	7.40
1787	1787	0.0000	0.0000	0.0000	0.250	0.000	7.40
1792	1792	0.0000	0.0000	0.0000	0.250	0.000	7.40
1797	1797	0.0000	0.0000	0.0000	0.250	0.000	7.40
1802	1802	0.0000	0.0000	0.0000	0.250	0.000	7.40
1806	1806	0.0000	0.0000	0.0000	0.250	0.000	7.40
1811	1811	0.0000	0.0000	0.0000	0.250	0.000	7.40
1816	1816	0.0000	0.0000	0.0000	0.250	0.000	7.40
1821	1821	0.0000	0.0000	0.0000	0.250	0.000	7.40
1826	1826	0.0000	0.0000	0.0000	0.250	0.000	7.40
1831	1831	0.0000	0.0000	0.0000	0.250	0.000	7.40
1835	1835	0.0000	0.0000	0.0000	0.250	0.000	7.40
1840	1840	0.0000	0.0000	0.0000	0.250	0.000	7.40
1845	1845	0.0000	0.0000	0.0000	0.250	0.000	7.40
1850	1850	0.0000	0.0000	0.0000	0.250	0.000	7.40
1855	1855	0.0000	0.0000	0.0000	0.250	0.000	7.40
1860	1860	0.0000	0.0000	0.0000	0.250	0.000	7.40
1864	1864	0.0000	0.0000	0.0000	0.250	0.000	7.40
1869	1869	0.0000	0.0000	0.0000	0.250	0.000	7.40
1874	1874	0.0000	0.0000	0.0000	0.250	0.000	7.40
1879	1879	0.0000	0.0000	0.0000	0.250	0.000	7.40
1884	1884	0.0000	0.0000	0.0000	0.250	0.000	7.40
1889	1889	0.0000	0.0000	0.0000	0.250	0.000	7.40
1894	1894	0.0000	0.0000	0.0000	0.250	0.000	7.40
1898	1898	0.0000	0.0000	0.0000	0.250	0.000	7.40
1903	1903	0.0000	0.0000	0.0000	0.250	0.000	7.40
1908	1908	0.0000	0.0000	0.0000	0.250	0.000	7.40
1913	1913	0.0000	0.0000	0.0000	0.250	0.000	7.40
1918	1918	0.0000	0.0000	0.0000	0.250	0.000	7.40
1923	1923	0.0000	0.0000	0.0000	0.250	0.000	7.40
1928	1928	0.0000	0.0000	0.0000	0.250	0.000	7.40
1933	1933	0.0000	0.0000	0.0000	0.250	0.000	7.40
1938	1938	0.0000	0.0000	0.0000	0.250	0.000	7.40
1942	1942	0.0000	0.0000	0.0000	0.250	0.000	7.40
1947	1947	0.0000	0.0000	0.0000	0.250	0.000	7.40
1952	1952	0.0000	0.0000	0.0000	0.250	0.000	7.40
1957	1957	0.0000	0.0000	0.0000	0.250	0.000	7.40
1962	1962	0.0000	0.0000	0.0000	0.250	0.000	7.40
1967	1967	0.0000	0.0000	0.0000	0.250	0.000	7.40
1972	1972	0.0000	0.0000	0.0000	0.250	0.000	7.40
1977	1977	0.0000	0.0000	0.0000	0.250	0.000	7.40
1982	1982	0.0000	0.0000	0.0000	0.250	0.000	7.40
1987	1987	0.0000	0.0000	0.0000	0.250	0.000	7.40
1991	1991	0.0000	0.0000	0.0000	0.250	0.000	7.40
1996	1996	0.0000	0.0000	0.0000	0.250	0.000	7.40
2001	2001	0.0000	0.0000	0.0000	0.250	0.000	7.40
2006	2006	0.0000	0.0000	0.0000	0.250	0.000	7.40
2011	2011	0.0000	0.0000	0.0000	0.250	0.000	7.40
2016	2016	0.0000	0.0000	0.0000	0.250	0.000	7.40
2021	2021	0.0000	0.0000	0.0000	0.250	0.000	7.40
2026	2026	0.0000	0.0000	0.0000	0.250	0.000	7.40
2031	2031	0.0000	0.0000	0.0000	0.250	0.000	7.40
2036	2036	0.0000	0.0000	0.0000	0.250	0.000	7.40
2041	2041	0.0000	0.0000	0.0000	0.250	0.000	7.40
2045	2045	0.0000	0.0000	0.0000	0.250	0.000	7.40
2050	2050	0.0000	0.0000	0.0000	0.250	0.000	7.40
2055	2055	0.0000	0.0000	0.0000	0.250	0.000	7.40
2060	2060	0.0000	0.0000	0.0000	0.250	0.000	7.40
2065	2065	0.0000	0.0000	0.0000	0.250	0.000	7.40
2070	2070	0.0000	0.0000	0.0000	0.250	0.000	7.40
2075	2075	0.0000	0.0000	0.0000	0.250	0.000	7.40
2080	2080	0.0000	0.0000	0.0000	0.250	0.000	7.40
2085	2085	0.0000	0.0000	0.0000	0.250	0.000	7.40
2090	2090	0.0000	0.0000	0.0000	0.250	0.000	7.40
2095	2095	0.0000	0.0000	0.0000	0.250	0.000	7.40
2100	2100	0.0000	0.0000	0.0000	0.250	0.000	7.40
2105	2105	0.0000	0.0000	0.0000	0.250	0.000	7.40
2110	2110	0.0000	0.0000	0.0000	0.250	0.000	7.40
2115	2115	0.0000	0.0000	0.0000	0.250	0.000	7.40
2120	2120	0.0000	0.0000	0.0000	0.250	0.000	7.40
2125	2125	0.0000	0.0000	0.0000	0.250	0.000	7.40
2130	2130	0.0000	0.0000	0.0000	0.250	0.000	7.40
2135	2135	0.0000	0.0000	0.0000	0.250	0.000	7.40
2140	2140	0.0000	0.0000	0.0000	0.250	0.000	7.40
2145	2145	0.0000	0.0000	0.0000	0.250	0.000	7.40
2150	2150	0.0000	0.0000	0.0000	0.250	0.000	7.40
2155	2155	0.0000	0.0000	0.0000	0.250	0.000	7.40
2160	2160	0.0000	0.0000	0.0000	0.250	0.000	7.40
2165	2165	0.0000	0.0000	0.0000	0.250	0.000	7.40
2170	2170	0.0000	0.0000	0.0000	0.250	0.000	7.40
2175	2175	0.0000	0.0000	0.0000	0.250	0.000	7.40
2180	2180	0.0000	0.0000	0.0000	0.250	0.000	7.40
2185	2185	0.0000	0.0000	0.0000	0.250	0.000	7.40
2190	2190	0.0000	0.0000	0.0000	0.250	0.000	7.40
2195	2195	0.0000	0.0000	0.0000	0.250	0.000	7.40
2200	2200	0.0000	0.0000	0.0000	0.250	0.000	7.40
2205	2205	0.0000	0.0000	0.0000	0.250	0.000	7.40
2210	2210	0.0000	0.0000	0.0000	0.250	0.000	7.40
2215	2215	0.0000	0.0000	0.0000	0.250	0.000	7.40
2220	2220	0.0000	0.0000	0.0000	0.250	0.000	7.40
2225	2225	0.0000	0.0000	0.0000	0.250	0.000	7.40
2230	2230	0.0000	0.0000	0.0000	0.250	0.000	7.40
2235	2235	0.0000	0.0000	0.0000	0.250	0.000	7.40
2240	2240	0.0000	0.0000	0.0000	0.250	0.000	7.40
2245	2245	0.0000	0.0000	0.0000	0.250	0.000	7.40
2250	2250	0.0000	0.0000	0.0000	0.250	0.000	7.40
2255	2255	0.0000	0.0000	0.0000	0.250	0.000	7.40
2260	2260	0.0000	0.0000	0.0000	0.250	0.000	7.40
2265	2265	0.0000	0.0000	0.0000	0.250	0.000	7.40
2270	2270	0.0000	0.0000	0.0000	0.250	0.000	7.40
2275	2275	0.0000	0.0000	0.0000	0.250	0.000	7.40
2280	2280	0.0000	0.0000	0.0000	0.250	0.000	7.40
2285	2285	0.0000	0.0000	0.0000	0.250	0.000	7.40
2290	2290	0.0000	0.0000	0.0000	0.250	0.000	7.40
2295	2295	0.0000	0.0000	0.0000	0.250	0.000	7.40
2300	2300	0.0000	0.0000	0.0000	0.250	0.000	7.40
2305	2305	0.0000	0.0000	0.0000	0.250	0.000	7.40
2310	2310	0.0000	0.0000	0.0000	0.250	0.000	7.40
2315	2315	0.0000	0.0000	0.0000	0.250	0.000	7.40
2320	2320	0.0000	0.0000	0.0000	0.250	0.000	7.40
2325	2325	0.0000	0.0000	0.0000	0.250	0.000	7.40
2331	2331	0.0000	0.0000	0.0000	0.250	0.000	7.40
2336	2336	0.0000	0.0000	0.0000	0.250	0.000	7.40
2341	2341	0.0000	0.0000	0.0000	0.250	0.000	7.40
2346	2346	0.0000	0.0000	0.0000	0.250	0.000	7.40
2351	2351	0.0000	0.0000	0.0000	0.250	0.000	7.40
2356	2356	0.0000	0.0000	0.0000	0.250	0.000	7.40
2361	2361	0.0000	0.0000	0.0000	0.250	0.000	7.40
2366	2366	0.0000	0.0000	0.0000	0.250	0.000	7.40
2371	2371	0.0000	0.0000	0.0000	0.250	0.000	7.40
2376	2376	0.0000	0.0000	0.0000	0.250	0.000	7.40
2381	2381	0.0000	0.0000	0.0000	0.250	0.000	7.40
2386	2386	0.0000	0.0000	0.0000	0.250	0.000	7.40
2391	2391	0.0000	0.0000	0.0000	0.250	0.000	7.40
2396	2396	0.0000	0.0000	0.0000	0.250	0.000	7.40
2402	2402	0.0000	0.0000	0.0000	0.250	0.000	7.40
2407	2407	0.0000	0.0000	0.0000	0.250	0.000	7.40
2412	2412	0.0000	0.0000	0.0000	0.250	0.000	7.40
2417	2417	0.0000	0.0000	0.0000	0.250	0.000	7.40
2422	2422	0.0000	0.0000	0.0000	0.250	0.000	7.40
2427	2427	0.0000	0.0000	0.0000	0.250	0.000	7.40
2432	2432	0.0000	0.0000	0.0000	0.250	0.000	7.40
2437	2437	0.0000	0.0000	0.0000	0.250	0.000	7.40
2443	2443	0.0000	0.0000	0.0000	0.250	0.000	7.40
2448	2448	0.0000	0.0000	0.0000	0.250	0.000	7.40
2453	2453	0.0000	0.0000	0.0000	0.250	0.000	7.40
2458	2458	0.0000	0.0000	0.0000	0.250	0.000	7.40
2463	2463	0.0000	0.0000	0.0000	0.250	0.000	7.40
2468	2468	0.0000	0.0000	0.0000	0.250	0.000	7.40
2473	2473	0.0000	0.0000	0.0000	0.250	0.000	7.40
2478	2478	0.0000	0.0000	0.0000	0.250	0.000	7.40
2484	2484	0.0000	0.0000	0.0000	0.250	0.000	7.40
2489	2489	0.0000	0.0000	0.0000	0.250	0.000	7.40
2494	2494	0.0000	0.0000	0.0000	0.250	0.000	7.40
2499	2499	0.0000	0.0000	0.0000	0.250	0.000	7.40
2504	2504	0.0000	0.0000	0.0000	0.250	0.000	7.40
2509	2509	0.0000	0.0000	0.0000	0.250	0.000	7.40
2514	2514	0.0000	0.0000	0.0000	0.250	0.000	7.40
2519	2519	0.0000	0.0000	0.0000	0.250	0.000	7.40
2524	2524	0.0000	0.0000	0.0000	0.250	0.000	7.40
2530	2530	0.0000	0.0000	0.0000	0.250	0.000	7.40
2535	2535	0.0000	0.0000	0.0000	0.250	0.000	7.40
2540	2540	0.0000	0.0000	0.0000	0.250	0.000	7.40
2545	2545	0.0000	0.0000	0.0000	0.250	0.000	7.40
2550	2550	0.0000	0.0000	0.0000	0.250	0.000	7.40
2555	2555	0.0000	0.0000	0.0000	0.250	0.000	7.40
2560	2560	0.0000	0.0000	0.0000	0.250	0.000	7.40
2566	2566	0.0000	0.0000	0.0000	0.250	0.000	7.40
2571	2571	0.0000	0.0000	0.0000	0.250	0.000	7.40
2576	2576	0.0000	0.0000	0.0000	0.250	0.000	7.40
2581	2581	0.0000	0.0000	0.0000	0.250	0.000	7.40
2586	2586	0.0000	0.0000	0.0000	0.250	0.000	7.40
2591	2591	0.0000	0.0000	0.0000	0.250	0.000	7.40
2596	2596	0.0000	0.0000	0.0000	0.250	0.000	7.40
2601	2601	0.0000	0.0000	0.0000	0.250	0.000	7.40
2607	2607	0.0000	0.0000	0.0000	0.250	0.000	7.40
2612	2612	0.0000	0.0000	0.0000	0.250	0.000	7.40
2617	2617	0.0000	0.0000	0.0000	0.250	0.000	7.40
2622	2622	0.0000	0.0000	0.0000	0.250	0.000	7.40
2627	2627	0.0000	0.0000	0.0000	0.250	0.000	7.40
2632	2632	0.0000	0.0000	0.0000	0.250	0.000	7.40
2638	2638	0.0000	0.0000	0.0000	0.250	0.000	7.40
2643	2643	0.0000	0.0000	0.0000	0.250	0.000	7.40
2648	2648	0.0000	0.0000	0.0000	0.250	0.000	7.40
2653	2653	0.0000	0.0000	0.0000	0.250	0.000	7.40
2658	2658	0.0000	0.0000	0.0000	0.250	0.000	7.40
2663	2663	0.0000	0.0000	0.0000	0.250	0.000	7.40
2669	2669	0.0000	0.0000	0.0000	0.250	0.000	7.40
2674	2674	0.0000	0.0000	0.0000	0.250	0.000	7.40
2679	2679	0.0000	0.0000	0.0000	0.250	0.000	7.40
2684	2684	0.0000	0.0000	0.0000	0.250	0.000	7.40
2689	2689	0.0000	0.0000	0.0000	0.250	0.000	7.40
2694	2694	0.0000	0.0000	0.0000	0.250	0.000	7.40
2700	2700	0.0000	0.0000	0.0000	0.250	0.000	7.40
2705	2705	0.0000	0.0000	0.0000	0.250	0.000	7.40
2710	2710	0.0000	0.0000	0.0000	0.250	0.000	7.40
2715	2715	0.0000	0.0000	0.0000	0.250	0.000	7.40
2720	2720	0.0000	0.0000	0.0000	0.250	0.000	7.40
2726	2726	0.0000	0.0000	0.0000	0.250	0.000	7.40
2731	2731	0.0000	0.0000	0.0000	0.250	0.000	7.40
2736	2736	0.0000	0.0000	0.0000	0.250	0.000	7.40
2741	2741	0.0000	0.0000	0.0000	0.250	0.000	7.40
2746	2746	0.0000	0.0000	0.0000	0.250	0.000	7.40
2751	2751	0.0000	0.0000	0.0000	0.250	0.000	7.40
2757	2757	0.0000	0.0000	0.0000	0.250	0.000	7.40
2762	2762	0.0000	0.0000	0.0000	0.250	0.000	7.40
2767	2767	0.0000	0.0000	0.0000	0.250	0.000	7.40
2772	2772	0.0000	0.0000	0.0000	0.250	0.000	7.40
2778	2778	0.0000	0.0000	0.0000	0.250	0.000	7.40
2783	2783	0.0000	0.0000	0.0000	0.250	0.000	7.40
2788	2788	0.0000	0.0000	0.0000	0.250	0.000	7.40
2793	2793	0.0000	0.0000	0.0000	0.250	0.000	7.40
2798	2798	0.0000	0.0000	0.0000	0.250	0.000	7.40
2804	2804	0.0000	0.0000	0.0000	0.250	0.000	7.40
2809	2809	0.0000	0.0000	0.0000	0.250	0.000	7.40
2814	2814	0.0000	0.0000	0.0000	0.250	0.000	7.40
2819	2819	0.0000	0.0000	0.0000	0.250	0.000	7.40
2825	2825	0.0000	0.0000	0.0000	0.250	0.000	7.40
2830	2830	0.0000	0.0000	0.0000	0.250	0.000	7.40
2835	2835	0.0000	0.0000	0.0000	0.250	0.000	7.40
2840	2840	0.0000	0.0000	0.0000	0.250	0.000	7.40
2845	2845	0.0000	0.0000	0.0000	0.250	0.000	7.40
2851	2851	0.0000	0.0000	0.0000	0.250	0.000	7.40
2856	2856	0.0000	0.0000	0.0000	0.250	0.000	7.40
2861	2861	0.0000	0.0000	0.0000	0.250	0.000	7.40
2866	2866	0.0000	0.0000	0.0000	0.250	0.000	7.40
2872	2872	0.0000	0.0000	0.0000	0.250	0.000	7.40
2877	2877	0.0000	0.0000	0.0000	0.250	0.000	7.40
2882	2882	0.0000	0.0000	0.0000	0.250	0.000	7.40
2887	2887	0.0000	0.0000	0.0000	0.250	0.000	7.40
2892	2892	0.0000	0.0000	0.0000	0.250	0.000	7.40
2898	2898	0.0000	0.0000	0.0000	0.250	0.000	7.40
2903	2903	0.0000	0.0000	0.0000	0.250	0.000	7.40
2908	2908	0.0000	0.0000	0.0000	0.250	0.000	7.40
2913	2913	0.0000	0.0000	0.0000	0.250	0.000	7.40
2919	2919	0.0000	0.0000	0.0000	0.250	0.000	7.40
2924	2924	0.0000	0.0000	0.0000	0.250	0.000	7.40
2929	2929	0.0000	0.0000	0.0000	0.250	0.000	7.40
2934	2934	0.0000	0.0000	0.0000	0.250	0.000	7.40
2940	2940	0.0000	0.0000	0.0000	0.250	0.000	7.40
2945	2945	0.0000	0.0000	0.0000	0.250	0.000	7.40
2950	2950	0.0000	0.0000	0.0000	0.250	0.000	7.40
2955	2955	0.0000	0.0000	0.0000	0.250	0.000	7.40
2960	2960	0.0000	0.0000	0.0000	0.250	0.000	7.40
2966	2966	0.0000	0.0000	0.0000	0.250	0.000	7.40
2971	2971	0.0000	0.0000	0.0000	0.250	0.000	7.40
2976	2976	0.0000	0.0000	0.0000	0.250	0.000	7.40
2981	2981	0.0000	0.0000	0.0000	0.250	0.000	7.40
2987	2987	0.0000	0.0000	0.0000	0.250	0.000	7.40
2992	2992	0.0000	0.0000	0.0000	0.250	0.000	7.40
2997	2997	0.0000	0.0000	0.0000	0.250	0.000	7.40
3003	3003	0.0000	0.0000	0.0000	0.250	0.000	7.40
3008	3008	0.0000	0.0000	0.0000	0.250	0.000	7.40
3013	3013	0.0000	0.0000	0.0000	0.250	0.000	7.40
3018	3018	0.0000	0.0000	0.0000	0.250	0.000	7.40
3024	3024	0.0000	0.0000	0.0000	0.250	0.000	7.40
3029	3029	0.0000	0.0000	0.0000	0.250	0.000	7.40
3034	3034	0.0000	0.0000	0.0000	0.250	0.000	7.40
3039	3039	0.0000	0.0000	0.0000	0.250	0.000	7.40
3045	3045	0.0000	0.0000	0.0000	0.250	0.000	7.40
3050	3050	0.0000	0.0000	0.0000	0.250	0.000	7.40
3055	3055	0.0000	0.0000	0.0000	0.250	0.000	7.40
3061	3061	0.0000	0.0000	0.0000	0.250	0.000	7.40
3066	3066	0.0000	0.0000	0.0000	0.250	0.000	7.40
3071	3071	0.0000	0.0000	0.0000	0.250	0.000	7.40
3076	3076	0.0000	0.0000	0.0000	0.250	0.000	7.40
3082	3082	0.0000	0.0000	0.0000	0.250	0.000	7.40
3087	3087	0.0000	0.0000	0.0000	0.250	0.000	7.40
3092	3092	0.0000	0.0000	0.0000	0.250	0.000	7.40
3098	3098	0.0000	0.0000	0.0000	0.250	0.000	7.40
3103	3103	0.0000	0.0000	0.0000	0.250	0.000	7.40
3108	3108	0.0000	0.0000	0.0000	0.250	0.000	7.40
3114	3114	0.0000	0.0000	0.0000	0.250	0.000	7.40
3119	3119	0.0000	0.0000	0.0000	0.250	0.000	7.40
3124	3124	0.0000	0.0000	0.0000	0.250	0.000	7.40
3129	3129	0.0000	0.0000	0.0000	0.250	0.000	7.40
3135	3135	0.0000	0.0000	0.0000	0.250	0.000	7.40
3140	3140	0.0000	0.0000	0.0000	0.250	0.000	7.40
3145	3145	0.0000	0.0000	0.0000	0.250	0.000	7.40
3151	3151	0.0000	0.0000	0.0000	0.250	0.000	7.40
3156	3156	0.0000	0.0000	0.0000	0.250	0.000	7.40
3161	3161	0.0000	0.0000	0.0000	0.250	0.000	7.40
3166	3166	0.0000	0.0000	0.0000	0.250	0.000	7.40
3172	3172	0.0000	0.0000	0.0000	0.250	0.000	7.40
3177	3177	0.0000	0.0000	0.0000	0.250	0.000	7.40
3182	3182	0.0000	0.0000	0.0000	0.250	0.000	7.40
3188	3188	0.0000	0.0000	0.0000	0.250	0.000	7.40
3193	3193	0.0000	0.0000	0.0000	0.250	0.000	7.40
3198	3198	0.0000	0.0000	0.0000	0.250	0.000	7.40
3204	3204	0.0000	0.0000	0.0000	0.250	0.000	7.40
3209	3209	0.0000	0.0000	0.0000	0.250	0.000	7.40
3214	3214	0.0000	0.0000	0.0000	0.250	0.000	7.40
3220	3220	0.0000	0.0000	0.0000	0.250	0.000	7.40
3225	3225	0.0000	0.0000	0.0000	0.250	0.000	7.40
3230	3230	0.0000	0.0000	0.0000	0.250	0.000	7.40
3235	3235	0.0000	0.0000	0.0000	0.250	0.000	7.40
3241	3241	0.0000	0.0000	0.0000	0.250	0.000	7.40
3246	3246	0.0000	0.0000	0.0000	0.250	0.000	7.40
3251	3251	0.0000	0.0000	0.0000	0.250	0.000	7.40
3257	3257	0.0000	0.0000	0.0000	0.250	0.000	7.40
3262	3262	0.0000	0.0000	0.0000	0.250	0.000	7.40
3267	3267	0.0000	0.0000	0.0000	0.250	0.000	7.40
3273	3273	0.0000	0.0000	0.0000	0.250	0.000	7.40
3278	3278	0.0000	0.0000	0.0000	0.250	0.000	7.40
3283	3283	0.0000	0.0000	0.0000	0.250	0.000	7.40
3289	3289	0.0000	0.0000	0.0000	0.250	0.000	7.40
3294	3294	0.0000	0.0000	0.0000	0.250	0.000	7.40
3299	3299	0.0000	0.0000	0.0000	0.250	0.000	7.40
3305	3305	0.0000	0.0000	0.0000	0.250	0.000	7.40
3310	3310	0.0000	0.0000	0.0000	0.250	0.000	7.40
3315	3315	0.0000	0.0000	0.0000	0.250	0.000	7.40
3321	3321	0.0000	0.0000	0.0000	0.250	0.000	7.40
3326	3326	0.0000	0.0000	0.0000	0.250	0.000	7.40
3331	3331	0.0000	0.0000	0.0000	0.250	0.000	7.40
3337	3337	0.0000	0.0000	0.0000	0.250	0.000	7.40
3342	3342	0.0000	0.0000	0.0000	0.250	0.000	7.40
3347	3347	0.0000	0.0000	0.0000	0.250	0.000	7.40
3353	3353	0.0000	0.0000	0.0000	0.250	0.000	7.40
3358	3358	0.0000	0.0000	0.0000	0.250	0.000	7.40
3363	3363	0.0000	0.0000	0.0000	0.250	0.000	7.40
3369	3369	0.0000	0.0000	0.0000	0.250	0.000	7.40
3374	3374	0.0000	0.0000	0.0000	0.250	0.000	7.40
3379	3379	0.0000	0.0000	0.0000	0.250	0.000	7.40
3385	3385	0.0000	0.0000	0.0000	0.250	0.000	7.40
3390	3390	0.0000	0.0000	0.0000	0.250	0.000	7.40
3396	3396	0.0000	0.0000	0.0000	0.250	0.000	7.40
3401	3401	0.0000	0.0000	0.0000	0.250	0.000	7.40
3406	3406	0.0000	0.0000	0.0000	0.250	0.000	7.40
3412	3412	0.0000	0.0000	0.0000	0.250	0.000	7.40
3417	3417	0.0000	0.0000	0.0000	0.250	0.000	7.40
3422	3422	0.0000	0.0000	0.0000	0.250	0.000	7.40
3428	3428	0.0000	0.0000	0.0000	0.250	0.000	7.40
3433	3433	0.0000	0.0000	0.0000	0.250	0.000	7.40
3438	3438	0.0000	0.0000	0.0000	0.250	0.000	7.40
3444	3444	0.0000	0.0000	0.0000	0.250	0.000	7.40
3449	3449	0.0000	0.0000	0.0000	0.250	0.000	7.40
3455	3455	0.0000	0.0000	0.0000	0.250	0.000	7.40
3460	3460	0.0000	0.0000	0.0000	0.250	0.000	7.40
3465	3465	0.0000	0.0000	0.0000	0.250	0.000	7.40
3471	3471	0.0000	0.0000	0.0000	0.250	0.000	7.40
3476	3476	0.0000	0.0000	0.0000	0.250	0.000	7.40
3481	3481	0.0000	0.0000	0.0000	0.250	0.000	7.40
3487	3487	0.0000	0.0000	0.0000	0.250	0.000	7.40
3492	3492	0.0000	0.0000	0.0000	0.250	0.000	7.40
3497	3497	0.0000	0.0000	0.0000	0.250	0.000	7.40
3503	3503	0.0000	0.0000	0.0000	0.250	0.000	7.40
3508	3508	0.0000	0.0000	0.0000	0.250	0.000	7.40
3513	3513	0.0000	0.0000	0.0000	0.250	0.000	7.40
3519	3519	0.0000	0.0000	0.0000	0.250	0.000	7.40
3524	3524	0.0000	0.0000	0.0000	0.250	0.000	7.40
3530	3530	0.0000	0.0000	0.0000	0.250	0.000	7.40
3535	3535	0.0000	0.0000	0.0000	0.250	0.000	7.40
3540	3540	0.0000	0.0000	0.0000	0.250	0.000	7.40
3546	3546	0.0000	0.0000	0.0000	0.250	0.000	7.40
3551	3551	0.0000	0.0000	0.0000	0.250	0.000	7.40
3556	3556	0.0000	0.0000	0.0000	0.250	0.000	7.40
3562	3562	0.0000	0.0000	0.0000	0.250	0.000	7.40
3567	3567	0.0000	0.0000	0.0000	0.250	0.000	7.40
3572	3572	0.0000	0.0000	0.0000	0.250	0.000	7.40
3578	3578	0.0000	0.0000	0.0000	0.250	0.000	7.40
3583	3583	0.0000	0.0000	0.0000	0.250	0.000	7.40
3589	3589	0.0000	0.0000	0.0000	0.250	0.000	7.40
3594	3594	0.0000	0.0000	0.0000	0.250	0.000	7.40
3599	3599	0.0000	0.0000	0.0000	0.250	0.000	7.40
3605	3605	0.0000	0.0000	0.0000	0.250	0.000	7.40
3610	3610	0.0000	0.0000	0.0000	0.250	0.000	7.40
3616	3616	0.0000	0.0000	0.0000	0.250	0.000	7.40
3621	3621	0.0000	0.0000	0.0000	0.250	0.000	7.40
3626	3626	0.0000	0.0000	0.0000	0.250	0.000	7.40
3632	3632	0.0000	0.0000	0.0000	0.250	0.000	7.40
3637	3637	0.0000	0.0000	0.0000	0.250	0.000	7.40
3643	3643	0.0000	0.0000	0.0000	0.250	0.000	7.40
3648	3648	0.0000	0.0000	0.0000	0.250	0.000	7.40
3653	3653	0.0000	0.0000	0.0000	0.250	0.000	7.40
3659	3659	0.0000	0.0000	0.0000	0.250	0.000	7.40
3664	3664	0.0000	0.0000	0.0000	0.250	0.000	7.40
3670	3670	0.0000	0.0000	0.0000	0.250	0.000	7.40
3675	3675	0.0000	0.0000	0.0000	0.250	0.000	7.40
3680	3680	0.0000	0.0000	0.0000	0.250	0.000	7.40
3686	3686	0.0000	0.0000	0.0000	0.250	0.000	7.40
3691	3691	0.0000	0.0000	0.0000	0.250	0.000	7.40
3697	3697	0.0000	0.0000	0.0000	0.250	0.000	7.40
3702	3702	0.0000	0.0000	0.0000	0.250	0.000	7.40
3707	3707	0.0000	0.0000	0.0000	0.250	0.000	7.40
3713	3713	0.0000	0.0000	0.0000	0.250	0.000	7.40
3718	3718	0.0000	0.0000	0.0000	0.250	0.000	7.40
3724	3724	0.0000	0.0000	0.0000	0.250	0.000	7.40
3729	3729	0.0000	0.0000	0.0000	0.250	0.000	7.40
3734	3734	0.0000	0.0000	0.0000	0.250	0.000	7.40
3740	3740	0.0000	0.0000	0.0000	0.250	0.000	7.40
3745	3745	0.0000	0.0000	0.0000	0.250	0.000	7.40
3751	3751	0.0000	0.0000	0.0000	0.250	0.000	7.40
3756	3756	0.0000	0.0000	0.0000	0.250	0.000	7.40
3762	3762	0.0000	0.0000	0.0000	0.250	0.000	7.40
3767	3767	0.0000	0.0000	0.0000	0.250	0.000	7.40
3772	3772	0.0000	0.0000	0.0000	0.250	0.000	7.40
3778	3778	0.0000	0.0000	0.0000	0.250	0.000	7.40
3783	3783	0.0000	0.0000	0.0000	0.250	0.000	7.40
3788	3788	0.0000	0.0000	0.0000	0.250	0.000	7.40
3794	3794	0.0000	0.0000	0.0000	0.250	0.000	7.40
3799	3799	0.0000	0.0000	0.0000	0.250	0.000	7.40
3805	3805	0.0000	0.0000	0.0000	0.250	0.000	7.40
3810	3810	0.0000	0.0000	0.0000	0.250	0.000	7.40
3816	3816	0.0000	0.0000	0.0000	0.250	0.000	7.40
3821	3821	0.0000	0.0000	0.0000	0.250	0.000	7.40
3826	3826	0.0000	0.0000	0.0000	0.250	0.000	7.40
3832	3832	0.0000	0.0000	0.0000	0.250	0.000	7.40
3837	3837	0.0000	0.0000	0.0000	0.250	0.000	7.40
3843	3843	0.0000	0.0000	0.0000	0.250	0.000	7.40
3848	3848	0.0000	0.0000	0.0000	0.250	0.000	7.40
3854	3854	0.0000	0.0000	0.0000	0.250	0.000	7.40
3859	3859	0.0000	0.0000	0.0000	0.250	0.000	7.40
3864	3864	0.0000	0.0000	0.0000	0.250	0.000	7.40
3870	3870	0.0000	0.0000	0.0000	0.250	0.000	7.40
3875	3875	0.0000	0.0000	0.0000	0.250	0.000	7.40
3881	3881	0.0000	0.0000	0.0000	0.250	0.000	7.40
3886	3886	0.0000	0.0000	0.0000	0.250	0.000	7.40
3891	3891	0.0000	0.0000	0.0000	0.250	0.000	7.40
3897	3897	0.0000	0.0000	0.0000	0.250	0.000	7.40
3902	3902	0.0000	0.0000	0.0000	0.250	0.000	7.40
3908	3908	0.0000	0.0000	0.0000	0.250	0.000	7.40
3913	3913	0.0000	0.0000	0.0000	0.250	0.000	7.40
3919	3919	0.0000	0.0000	0.0000	0.250	0.000	7.40
3924	3924	0.0000	0.0000	0.0000	0.250	0.000	7.40
3929	3929	0.0000	0.0000	0.0000	0.250	0.000	7.40
3935	3935	0.0000	0.0000	0.0000	0.250	0.000	7.40
3940	3940	0.0000	0.0000	0.0000	0.250	0.000	7.40
3946	3946	0.0000	0.0000	0.0000	0.250	0.000	7.40
3951	3951	0.0000	0.0000	0.0000	0.250	0.000	7.40
3957	3957	0.0000	0.0000	0.0000	0.250	0.000	7.40
3962	3962	0.0000	0.0000	0.0000	0.250	0.000	7.40
3967	3967	0.0000	0.0000	0.0000	0.250	0.000	7.40
3973	3973	0.0000	0.0000	0.0000	0.250	0.000	7.40
3978	3978	0.0000	0.0000	0.0000	0.250	0.000	7.40
3984	3984	0.0000	0.0000	0.0000	0.250	0.000	7.40
3989	3989	0.0000	0.0000	0.0000	0.250	0.000	7.40
3995	3995	0.0000	0.0000	0.0000	0.250	0.000	7.40
4000	4000	0.0000	0.0000	0.0000	0.250	0.000	7.40
4006	4006	0.0000	0.0000	0.0000	0.250	0.000	7.40
# SYSID END
